0.943962 0.008326 0.000003 0.047680 0.000030 
0.802933 0.000386 0.000005 0.196613 0.000062 
0.875072 0.001006 0.000007 0.123866 0.000049 
0.962468 0.007895 0.000000 0.029627 0.000009 
0.939021 0.016738 0.000008 0.044194 0.000040 
0.839912 0.000641 0.000008 0.159379 0.000060 
0.983978 0.003548 0.000000 0.012474 0.000001 
0.745861 0.001890 0.008862 0.242988 0.000399 
0.918914 0.048264 0.000003 0.032783 0.000037 
0.930336 0.008461 0.000025 0.061125 0.000053 
0.920710 0.010493 0.000099 0.068620 0.000079 
0.932997 0.000926 0.000000 0.066067 0.000011 
0.951103 0.015663 0.000001 0.033214 0.000019 
0.965499 0.001191 0.000000 0.033307 0.000003 
0.935945 0.027233 0.000004 0.036784 0.000035 
0.951519 0.004785 0.000000 0.043679 0.000016 
0.912504 0.000869 0.000000 0.086608 0.000020 
0.931320 0.005185 0.000009 0.063446 0.000040 
0.966204 0.020215 0.000000 0.013579 0.000002 
0.883476 0.000779 0.000001 0.115710 0.000034 
0.952749 0.005367 0.000000 0.041868 0.000016 
0.924811 0.042911 0.000002 0.032244 0.000033 
0.978421 0.010760 0.000000 0.010818 0.000001 
0.951959 0.001962 0.000000 0.046070 0.000009 
0.866861 0.000722 0.000003 0.132371 0.000043 
0.933637 0.007356 0.000013 0.058950 0.000044 
0.972263 0.009558 0.000000 0.018176 0.000003 
0.861608 0.007403 0.003421 0.127320 0.000248 
0.935280 0.026112 0.000005 0.038565 0.000038 
0.970532 0.016356 0.000000 0.013111 0.000002 
0.888167 0.001095 0.000004 0.110694 0.000041 
0.965597 0.009009 0.000000 0.025387 0.000007 
0.945390 0.028686 0.000000 0.025909 0.000015 
0.932630 0.038799 0.000000 0.028548 0.000023 
0.722568 0.256211 0.000000 0.021191 0.000030 
0.914212 0.026684 0.000173 0.058828 0.000104 
0.939236 0.007208 0.000006 0.053516 0.000035 
0.908377 0.015128 0.000432 0.075935 0.000128 
0.982179 0.000794 0.000000 0.017026 0.000000 
0.942724 0.002171 0.000000 0.055090 0.000015 
0.981551 0.002140 0.000000 0.016308 0.000001 
0.923217 0.024377 0.000060 0.052272 0.000074 
0.854665 0.001628 0.000123 0.143482 0.000102 
0.843289 0.000217 0.000000 0.156474 0.000021 
0.940836 0.051019 0.000000 0.008144 0.000001 
0.954494 0.003543 0.000000 0.041951 0.000012 
0.146842 0.000003 0.000001 0.853001 0.000155 
0.971864 0.004679 0.000000 0.023453 0.000004 
0.877520 0.000543 0.000000 0.121908 0.000028 
0.969406 0.008762 0.000000 0.021827 0.000005 
0.671989 0.000074 0.000000 0.327888 0.000048 
0.924645 0.012377 0.000072 0.062833 0.000073 
0.679960 0.000155 0.000006 0.319786 0.000092 
0.946662 0.038509 0.000000 0.014825 0.000004 
0.766141 0.001037 0.000951 0.231655 0.000216 
0.670284 0.009054 0.131024 0.188719 0.000918 
0.950762 0.000609 0.000000 0.048625 0.000004 
0.913441 0.000268 0.000000 0.086284 0.000007 
0.924799 0.005725 0.000025 0.069398 0.000053 
0.634357 0.000241 0.000185 0.365015 0.000201 
0.925103 0.025031 0.000042 0.049757 0.000067 
0.775352 0.000226 0.000001 0.224368 0.000053 
0.872362 0.016414 0.004846 0.106091 0.000288 
0.726851 0.000131 0.000000 0.272966 0.000051 
0.903594 0.000483 0.000000 0.095908 0.000015 
0.938112 0.000638 0.000000 0.061243 0.000007 
0.920540 0.006741 0.000054 0.072599 0.000066 
0.959494 0.025360 0.000000 0.015143 0.000003 
0.961530 0.008056 0.000000 0.030403 0.000010 
0.842720 0.002394 0.000695 0.154027 0.000163 
0.968954 0.006065 0.000000 0.024976 0.000005 
0.968157 0.020912 0.000000 0.010930 0.000001 
0.927701 0.002204 0.000001 0.070068 0.000026 
0.962646 0.009835 0.000000 0.027510 0.000009 
0.819842 0.000801 0.000051 0.179211 0.000095 
0.735322 0.000372 0.000056 0.264125 0.000125 
0.935855 0.045570 0.000000 0.018567 0.000008 
0.856215 0.121014 0.000000 0.022748 0.000023 
0.933921 0.001387 0.000000 0.064677 0.000015 
0.681035 0.289061 0.000006 0.029803 0.000096 
0.963657 0.012270 0.000000 0.024066 0.000008 
0.980029 0.013215 0.000000 0.006755 0.000000 
0.722010 0.000322 0.000047 0.277497 0.000124 
0.958292 0.016464 0.000000 0.025234 0.000010 
0.951075 0.030710 0.000000 0.018209 0.000006 
0.857469 0.018177 0.009475 0.114510 0.000369 
0.779051 0.000152 0.000000 0.220762 0.000034 
0.812951 0.000416 0.000004 0.186569 0.000059 
0.957018 0.003557 0.000000 0.039414 0.000010 
0.882551 0.000591 0.000000 0.116829 0.000027 
0.966027 0.023203 0.000000 0.010768 0.000001 
0.961420 0.001440 0.000000 0.037135 0.000004 
0.884901 0.003124 0.000155 0.111722 0.000097 
0.854728 0.013814 0.008989 0.122115 0.000353 
0.970185 0.010795 0.000000 0.019017 0.000004 
0.504220 0.002522 0.224896 0.267257 0.001105 
0.949584 0.041325 0.000000 0.009089 0.000001 
0.735589 0.252644 0.000000 0.011763 0.000004 
0.898612 0.000256 0.000000 0.101124 0.000009 
0.945508 0.004208 0.000001 0.050263 0.000020 
0.925494 0.032182 0.000016 0.042255 0.000054 
0.732313 0.000369 0.000060 0.267131 0.000127 
0.944324 0.001063 0.000000 0.054605 0.000008 
0.979502 0.006350 0.000000 0.014147 0.000001 
0.869160 0.002410 0.000191 0.128131 0.000108 
0.977665 0.000980 0.000000 0.021354 0.000001 
0.922320 0.004655 0.000021 0.072953 0.000051 
0.905514 0.065426 0.000001 0.029027 0.000032 
0.932622 0.026137 0.000009 0.041188 0.000044 
0.356865 0.000633 0.247996 0.393188 0.001318 
0.051994 0.000001 0.000002 0.947765 0.000238 
0.887802 0.077755 0.000007 0.034382 0.000055 
0.963727 0.019790 0.000000 0.016480 0.000004 
0.897096 0.003656 0.000103 0.099062 0.000084 
0.955502 0.003435 0.000000 0.041052 0.000011 
0.087906 0.000005 0.002521 0.908737 0.000831 
0.924825 0.007254 0.000038 0.067823 0.000060 
0.955655 0.006729 0.000000 0.037600 0.000015 
0.948382 0.002016 0.000000 0.049590 0.000011 
0.951136 0.002439 0.000000 0.046414 0.000011 
0.950779 0.001906 0.000000 0.047306 0.000010 
0.960694 0.004368 0.000000 0.034928 0.000009 
0.951065 0.014480 0.000001 0.034434 0.000020 
0.957927 0.003628 0.000000 0.038436 0.000010 
0.901527 0.089193 0.000000 0.009280 0.000001 
0.968160 0.008976 0.000000 0.022859 0.000005 
0.903076 0.004747 0.000124 0.091968 0.000087 
0.904066 0.002961 0.000034 0.092877 0.000062 
0.818254 0.000137 0.000000 0.181589 0.000019 
0.108123 0.000037 0.235356 0.654554 0.001930 
0.850020 0.130726 0.000000 0.019239 0.000015 
0.943902 0.040686 0.000000 0.015408 0.000005 
0.957390 0.011511 0.000000 0.031086 0.000014 
0.940897 0.010708 0.000006 0.048352 0.000036 
0.970265 0.005893 0.000000 0.023837 0.000005 
0.812368 0.171403 0.000000 0.016219 0.000010 
0.971390 0.000881 0.000000 0.027728 0.000001 
0.921309 0.061054 0.000000 0.017629 0.000008 
0.920663 0.055830 0.000000 0.023491 0.000017 
0.911118 0.011248 0.000273 0.077252 0.000108 
0.747488 0.000165 0.000001 0.252294 0.000052 
0.774923 0.209696 0.000000 0.015371 0.000009 
0.963675 0.006974 0.000000 0.029343 0.000008 
0.845907 0.000140 0.000000 0.153940 0.000013 
0.941523 0.004335 0.000001 0.054115 0.000025 
0.978945 0.011631 0.000000 0.009423 0.000001 
0.918408 0.000629 0.000000 0.080950 0.000013 
0.952040 0.013375 0.000001 0.034566 0.000019 
0.952048 0.003479 0.000000 0.044460 0.000013 
0.903587 0.006269 0.000214 0.089829 0.000101 
0.000485 0.000001 0.965849 0.032318 0.001347 
0.000369 0.000002 0.971989 0.025612 0.002028 
0.000868 0.000000 0.883797 0.113142 0.002193 
0.029416 0.000025 0.766527 0.202683 0.001349 
0.074903 0.010476 0.865119 0.047528 0.001973 
0.005977 0.000358 0.975754 0.016688 0.001223 
0.027948 0.000057 0.866713 0.104355 0.000926 
0.000878 0.000007 0.982354 0.015826 0.000935 
0.002983 0.000000 0.588708 0.404796 0.003513 
0.000925 0.000011 0.982924 0.015030 0.001110 
0.003187 0.000011 0.967869 0.028316 0.000617 
0.138307 0.098844 0.672354 0.082647 0.007849 
0.003023 0.000005 0.949311 0.046865 0.000796 
0.012574 0.002900 0.949381 0.030590 0.004555 
0.001649 0.000012 0.981411 0.016267 0.000661 
0.002090 0.000008 0.974469 0.022807 0.000626 
0.003215 0.000127 0.980922 0.014609 0.001127 
0.005785 0.000458 0.974358 0.017755 0.001644 
0.207743 0.027138 0.681337 0.081608 0.002174 
0.001319 0.000007 0.980080 0.017900 0.000694 
0.001658 0.000054 0.981309 0.015365 0.001614 
0.000376 0.000003 0.966641 0.029383 0.003598 
0.007946 0.000537 0.972251 0.018025 0.001241 
0.003056 0.000037 0.980325 0.015964 0.000619 
0.000503 0.000004 0.977322 0.020288 0.001883 
0.000185 0.000000 0.919671 0.072684 0.007460 
0.001437 0.000003 0.970005 0.027811 0.000744 
0.100324 0.004212 0.833181 0.061091 0.001192 
0.001864 0.000002 0.949852 0.047372 0.000911 
0.004456 0.000003 0.878424 0.115810 0.001308 
0.003596 0.000142 0.980483 0.014717 0.001063 
0.002149 0.000015 0.979741 0.017484 0.000611 
0.000245 0.000000 0.951602 0.044896 0.003257 
0.000564 0.000009 0.957776 0.035095 0.006557 
0.027912 0.000130 0.907088 0.064120 0.000750 
0.668811 0.073231 0.134055 0.122462 0.001440 
0.000495 0.000005 0.974378 0.022553 0.002570 
0.408143 0.006859 0.420224 0.163524 0.001251 
0.000393 0.000004 0.955464 0.037995 0.006145 
0.000964 0.000033 0.903764 0.071849 0.023390 
0.000529 0.000000 0.843526 0.152492 0.003453 
0.043827 0.005426 0.912798 0.036221 0.001728 
0.000301 0.000002 0.952701 0.041335 0.005662 
0.004829 0.000348 0.976051 0.017128 0.001644 
0.000782 0.000015 0.977102 0.019598 0.002504 
0.000239 0.000000 0.949543 0.046813 0.003405 
0.000500 0.000000 0.863297 0.132984 0.003219 
0.001874 0.000000 0.210643 0.782395 0.005089 
0.002355 0.000013 0.976989 0.020046 0.000598 
0.000475 0.000000 0.946865 0.050942 0.001717 
0.046928 0.001054 0.905553 0.045608 0.000856 
0.000920 0.000001 0.955961 0.042028 0.001089 
0.101899 0.002459 0.824825 0.069769 0.001049 
0.023308 0.001308 0.947443 0.026913 0.001027 
0.010945 0.000358 0.967610 0.020312 0.000774 
0.088447 0.003095 0.848492 0.058867 0.001099 
0.002295 0.000001 0.887783 0.108426 0.001495 
0.003919 0.000008 0.955302 0.040076 0.000694 
0.000475 0.000002 0.975677 0.022501 0.001346 
0.002019 0.000006 0.971008 0.026307 0.000660 
0.083299 0.000492 0.810220 0.105032 0.000956 
0.013568 0.001392 0.961255 0.022213 0.001572 
0.013042 0.001466 0.961401 0.022366 0.001726 
0.002309 0.000006 0.967853 0.029166 0.000666 
0.011242 0.000145 0.962339 0.025662 0.000611 
0.000158 0.000000 0.800107 0.189859 0.009876 
0.001989 0.000057 0.982682 0.014106 0.001165 
0.003855 0.000067 0.979815 0.015603 0.000660 
0.000353 0.000000 0.706329 0.286581 0.006737 
0.000399 0.000001 0.971486 0.026529 0.001585 
0.000427 0.000002 0.975207 0.022721 0.001643 
0.032013 0.005524 0.927346 0.032872 0.002244 
0.000347 0.000002 0.969222 0.027757 0.002673 
0.029141 0.000026 0.775523 0.193995 0.001315 
0.000699 0.000002 0.975547 0.022794 0.000957 
0.002950 0.000037 0.980728 0.015656 0.000629 
0.004124 0.000034 0.975350 0.019924 0.000568 
0.009408 0.000030 0.944432 0.045468 0.000662 
0.000844 0.000012 0.981854 0.015870 0.001420 
0.087648 0.000187 0.721759 0.189215 0.001192 
0.000567 0.000005 0.978775 0.018903 0.001750 
0.005674 0.000023 0.961979 0.031726 0.000599 
0.001825 0.000028 0.983471 0.013877 0.000800 
0.039858 0.062606 0.399020 0.274405 0.224112 
0.017841 0.000403 0.953784 0.027258 0.000714 
0.080199 0.015070 0.852120 0.050176 0.002435 
0.001334 0.000041 0.979722 0.016861 0.002042 
0.000695 0.000015 0.952431 0.038564 0.008295 
0.001933 0.000055 0.982682 0.014144 0.001186 
0.000255 0.000000 0.861489 0.133262 0.004994 
0.000846 0.000005 0.981216 0.017048 0.000885 
0.000262 0.000001 0.938756 0.053224 0.007757 
0.019764 0.000002 0.104619 0.873092 0.002523 
0.000858 0.000001 0.925453 0.072094 0.001594 
0.000659 0.000000 0.414706 0.577383 0.007251 
0.000073 0.000000 0.515372 0.431831 0.052725 
0.001197 0.000052 0.951127 0.038223 0.009401 
0.000724 0.000008 0.981289 0.016558 0.001420 
0.005036 0.000285 0.977325 0.016109 0.001245 
0.045217 0.000145 0.851043 0.102684 0.000911 
0.001216 0.000003 0.971897 0.026116 0.000769 
0.007649 0.000056 0.964809 0.026912 0.000575 
0.003750 0.000224 0.978293 0.016171 0.001563 
0.001096 0.000004 0.977521 0.020629 0.000749 
0.000282 0.000001 0.957875 0.037627 0.004215 
0.003811 0.000082 0.980371 0.015016 0.000720 
0.001500 0.000003 0.964593 0.033108 0.000796 
0.001875 0.000005 0.970815 0.026629 0.000676 
0.003583 0.000165 0.979939 0.015086 0.001225 
0.015088 0.006441 0.898816 0.061531 0.018125 
0.036900 0.030873 0.815315 0.089792 0.027120 
0.001400 0.000002 0.956542 0.041139 0.000917 
0.000428 0.000001 0.971574 0.026548 0.001449 
0.000172 0.000000 0.757590 0.199540 0.042697 
0.027361 0.001148 0.940567 0.030004 0.000920 
0.003493 0.000011 0.965839 0.030035 0.000622 
0.002146 0.000179 0.925121 0.054715 0.017839 
0.012845 0.003926 0.934827 0.040131 0.008271 
0.000186 0.000000 0.849001 0.143754 0.007059 
0.001966 0.000010 0.978211 0.019195 0.000618 
0.000187 0.000000 0.225190 0.761765 0.012858 
0.000122 0.000000 0.603261 0.379228 0.017388 
0.000449 0.000003 0.976269 0.021540 0.001739 
0.000622 0.000001 0.955814 0.042247 0.001317 
0.007835 0.000373 0.973301 0.017528 0.000962 
0.006462 0.000433 0.974543 0.017246 0.001316 
0.000354 0.000001 0.961633 0.036178 0.001834 
0.001315 0.000003 0.967186 0.030695 0.000802 
0.001599 0.000009 0.980240 0.017498 0.000654 
0.002081 0.000067 0.982230 0.014365 0.001257 
0.001824 0.000017 0.982164 0.015327 0.000668 
0.000316 0.000000 0.938907 0.058283 0.002494 
0.023915 0.000001 0.013180 0.961358 0.001545 
0.000658 0.000012 0.969958 0.025409 0.003963 
0.001051 0.000000 0.898292 0.098821 0.001835 
0.004351 0.000013 0.960853 0.034149 0.000634 
0.002564 0.000036 0.981964 0.014764 0.000673 
0.034389 0.005984 0.923513 0.033864 0.002250 
0.004765 0.000625 0.963878 0.026046 0.004686 
0.000696 0.000007 0.981196 0.016721 0.001380 
0.005038 0.000042 0.972978 0.021376 0.000565 
0.010902 0.000600 0.967903 0.019583 0.001012 
0.000867 0.000004 0.980025 0.018260 0.000844 
0.000962 0.000000 0.458396 0.534594 0.006047 
0.003811 0.000572 0.652084 0.205388 0.138146 
0.000370 0.000002 0.972114 0.025496 0.002018 
0.006392 0.000915 0.964705 0.024311 0.003676 
0.026219 0.000084 0.896627 0.076270 0.000800 
0.001224 0.000001 0.894881 0.102123 0.001772 
0.000164 0.000000 0.891889 0.097203 0.010744 
0.049055 0.945209 0.000000 0.005707 0.000029 
0.040607 0.953944 0.000000 0.005432 0.000017 
0.001196 0.997535 0.000000 0.001085 0.000185 
0.002370 0.993921 0.000000 0.003684 0.000026 
0.003721 0.990563 0.000000 0.005703 0.000013 
0.011786 0.984470 0.000000 0.003720 0.000024 
0.005484 0.990515 0.000000 0.003982 0.000018 
0.000580 0.996069 0.000000 0.003299 0.000052 
0.063886 0.929704 0.000000 0.006379 0.000031 
0.003948 0.993008 0.000000 0.003014 0.000030 
0.106972 0.885081 0.000000 0.007920 0.000028 
0.000689 0.995933 0.000000 0.003330 0.000048 
0.004142 0.991674 0.000000 0.004165 0.000018 
0.002628 0.993945 0.000000 0.003399 0.000027 
0.000072 0.995027 0.000000 0.004728 0.000172 
0.002950 0.993163 0.000000 0.003865 0.000023 
0.207902 0.779383 0.000000 0.012651 0.000065 
0.012421 0.983165 0.000000 0.004400 0.000015 
0.002479 0.994878 0.000000 0.002604 0.000038 
0.000357 0.998071 0.000000 0.001478 0.000094 
0.056416 0.937129 0.000000 0.006390 0.000065 
0.017749 0.978411 0.000000 0.003796 0.000043 
0.006039 0.990776 0.000000 0.003156 0.000029 
0.030574 0.964619 0.000000 0.004779 0.000027 
0.000565 0.992421 0.000000 0.006974 0.000040 
0.020617 0.974786 0.000000 0.004581 0.000016 
0.000237 0.998507 0.000000 0.001136 0.000121 
0.286183 0.699690 0.000000 0.014079 0.000048 
0.045178 0.948421 0.000000 0.006270 0.000131 
0.095195 0.897522 0.000000 0.007277 0.000007 
0.003453 0.993702 0.000000 0.002812 0.000034 
0.000868 0.997370 0.000000 0.001691 0.000071 
0.075838 0.916943 0.000000 0.007169 0.000049 
0.003067 0.993949 0.000000 0.002953 0.000031 
0.000588 0.993933 0.000000 0.005436 0.000043 
0.001074 0.997282 0.000000 0.001567 0.000077 
0.016123 0.979975 0.000000 0.003873 0.000028 
0.006633 0.990833 0.000000 0.002454 0.000080 
0.001317 0.993226 0.000000 0.005432 0.000026 
0.146424 0.845085 0.000000 0.008478 0.000013 
0.001565 0.995700 0.000000 0.002695 0.000040 
0.000374 0.996969 0.000000 0.002585 0.000072 
0.001828 0.994810 0.000000 0.003331 0.000031 
0.001527 0.996730 0.000000 0.001670 0.000073 
0.002210 0.996174 0.000000 0.001485 0.000130 
0.124982 0.867151 0.000000 0.007859 0.000008 
0.014273 0.980349 0.000000 0.005369 0.000009 
0.141719 0.848191 0.000000 0.010034 0.000057 
0.000459 0.997690 0.000000 0.001772 0.000079 
0.016747 0.979433 0.000000 0.003784 0.000036 
0.000757 0.993947 0.000000 0.005259 0.000037 
0.002579 0.995254 0.000000 0.002112 0.000054 
0.004156 0.993399 0.000000 0.002396 0.000049 
0.003965 0.992754 0.000000 0.003254 0.000026 
0.000974 0.995562 0.000000 0.003423 0.000040 
0.016165 0.980173 0.000000 0.003609 0.000054 
0.021694 0.974169 0.000000 0.004070 0.000067 
0.027650 0.966820 0.000000 0.005292 0.000238 
0.093685 0.895210 0.000003 0.010862 0.000240 
0.012554 0.984041 0.000000 0.003250 0.000155 
0.005873 0.990733 0.000000 0.003370 0.000025 
0.015331 0.981106 0.000000 0.003497 0.000066 
0.026159 0.969383 0.000000 0.004409 0.000049 
0.005200 0.992464 0.000000 0.002259 0.000076 
0.008179 0.988024 0.000000 0.003777 0.000020 
0.001941 0.993830 0.000000 0.004205 0.000025 
0.008666 0.988540 0.000000 0.002686 0.000108 
0.006389 0.989040 0.000000 0.004556 0.000014 
0.021210 0.974027 0.000000 0.004749 0.000014 
0.001898 0.995049 0.000000 0.003018 0.000034 
0.005544 0.990743 0.000000 0.003693 0.000021 
0.022387 0.973413 0.000000 0.004131 0.000069 
0.005833 0.991462 0.000000 0.002660 0.000045 
0.011574 0.985234 0.000000 0.003075 0.000117 
0.025229 0.970379 0.000000 0.004345 0.000047 
0.006967 0.986901 0.000000 0.006124 0.000009 
0.027324 0.968087 0.000000 0.004558 0.000031 
0.195389 0.795260 0.000000 0.009340 0.000011 
0.003089 0.989025 0.000000 0.007876 0.000011 
0.000125 0.991595 0.000000 0.008161 0.000119 
0.141805 0.849102 0.000000 0.009064 0.000029 
0.008155 0.985698 0.000000 0.006139 0.000008 
0.006604 0.988817 0.000000 0.004565 0.000014 
0.015739 0.979324 0.000000 0.004926 0.000011 
0.001120 0.993409 0.000000 0.005443 0.000028 
0.010239 0.986468 0.000000 0.003257 0.000036 
0.004163 0.992647 0.000000 0.003163 0.000028 
0.003738 0.994230 0.000000 0.001941 0.000091 
0.028262 0.966619 0.000000 0.005106 0.000013 
0.000051 0.998395 0.000000 0.001351 0.000203 
0.008449 0.988206 0.000000 0.003316 0.000029 
0.032876 0.962213 0.000000 0.004863 0.000048 
0.000811 0.997466 0.000000 0.001650 0.000073 
0.000635 0.989814 0.000000 0.009518 0.000033 
0.000250 0.998103 0.000000 0.001544 0.000103 
0.000250 0.996565 0.000000 0.003101 0.000083 
0.024590 0.970588 0.000000 0.004806 0.000015 
0.001233 0.995753 0.000000 0.002974 0.000040 
0.040186 0.954159 0.000000 0.005568 0.000087 
0.113806 0.877251 0.000000 0.008889 0.000054 
0.002139 0.994788 0.000000 0.003040 0.000033 
0.000285 0.997539 0.000000 0.002089 0.000087 
0.001213 0.991088 0.000000 0.007677 0.000022 
0.006005 0.990556 0.000000 0.003415 0.000024 
0.014284 0.982224 0.000000 0.003388 0.000104 
0.006961 0.988203 0.000000 0.004824 0.000013 
0.061467 0.931759 0.000000 0.006707 0.000068 
0.022030 0.973696 0.000000 0.004244 0.000030 
0.370327 0.590466 0.000763 0.037773 0.000670 
0.025436 0.969784 0.000000 0.004763 0.000017 
0.004879 0.991228 0.000000 0.003873 0.000020 
0.097280 0.895386 0.000000 0.007327 0.000007 
0.077602 0.914594 0.000000 0.007726 0.000079 
0.124674 0.865643 0.000000 0.009618 0.000065 
0.003903 0.993838 0.000000 0.002199 0.000060 
0.000148 0.998215 0.000000 0.001511 0.000126 
0.002088 0.994811 0.000000 0.003068 0.000032 
0.001612 0.995808 0.000000 0.002538 0.000042 
0.002754 0.993653 0.000000 0.003568 0.000025 
0.000804 0.996391 0.000000 0.002756 0.000049 
0.240821 0.746106 0.000000 0.013022 0.000051 
0.001254 0.996949 0.000000 0.001729 0.000068 
0.361536 0.627014 0.000000 0.011440 0.000009 
0.000328 0.996054 0.000000 0.003549 0.000069 
0.000220 0.996740 0.000000 0.002950 0.000090 
0.012217 0.984403 0.000000 0.003338 0.000042 
0.010734 0.985797 0.000000 0.003440 0.000030 
0.022625 0.972988 0.000000 0.004273 0.000114 
0.008409 0.986556 0.000000 0.005024 0.000011 
0.155610 0.835087 0.000000 0.009278 0.000025 
0.003817 0.993646 0.000000 0.002493 0.000043 
0.003378 0.994011 0.000000 0.002571 0.000039 
0.006154 0.990759 0.000000 0.003056 0.000031 
0.051992 0.942074 0.000000 0.005919 0.000015 
0.002948 0.994296 0.000000 0.002720 0.000036 
0.001441 0.994187 0.000000 0.004345 0.000028 
0.001248 0.996877 0.000000 0.001811 0.000064 
0.002183 0.994271 0.000000 0.003518 0.000028 
0.001506 0.994443 0.000000 0.004021 0.000029 
0.038358 0.956359 0.000000 0.005263 0.000020 
0.006757 0.990704 0.000000 0.002453 0.000085 
0.003767 0.991796 0.000000 0.004419 0.000018 
0.011586 0.984725 0.000000 0.003664 0.000025 
0.014589 0.981436 0.000000 0.003953 0.000023 
0.001234 0.989512 0.000000 0.009233 0.000020 
0.000320 0.997622 0.000000 0.001973 0.000085 
0.002730 0.992322 0.000000 0.004931 0.000018 
0.000422 0.998115 0.000000 0.001368 0.000095 
0.001367 0.996472 0.000000 0.002108 0.000053 
0.000488 0.996280 0.000000 0.003173 0.000058 
0.000959 0.997866 0.000000 0.000959 0.000216 
0.000074 0.999277 0.000000 0.000299 0.000350 
0.000361 0.998215 0.000000 0.000560 0.000865 
0.000017 0.999249 0.000000 0.000413 0.000321 
0.000291 0.998080 0.000000 0.000513 0.001116 
0.000008 0.999360 0.000000 0.000099 0.000533 
0.007166 0.989241 0.000000 0.002956 0.000636 
0.003172 0.994947 0.000000 0.001776 0.000106 
0.000505 0.998298 0.000000 0.000652 0.000545 
0.000050 0.999328 0.000000 0.000333 0.000289 
0.000156 0.998968 0.000000 0.000359 0.000517 
0.000012 0.999401 0.000000 0.000194 0.000394 
0.000101 0.998926 0.000000 0.000799 0.000173 
0.036896 0.911696 0.002186 0.031075 0.018147 
0.002539 0.994159 0.000000 0.001927 0.001374 
0.000006 0.999164 0.000000 0.000382 0.000447 
0.000653 0.998108 0.000000 0.000745 0.000493 
0.000523 0.998477 0.000000 0.000687 0.000313 
0.000008 0.999378 0.000000 0.000109 0.000504 
0.000403 0.998662 0.000000 0.000757 0.000178 
0.000001 0.998975 0.000000 0.000265 0.000758 
0.001905 0.996437 0.000000 0.001566 0.000092 
0.000010 0.999402 0.000000 0.000139 0.000449 
0.000072 0.999285 0.000000 0.000367 0.000276 
0.000012 0.999405 0.000000 0.000183 0.000401 
0.000028 0.999221 0.000000 0.000474 0.000276 
0.000345 0.998324 0.000000 0.000541 0.000790 
0.000067 0.999289 0.000000 0.000286 0.000358 
0.000076 0.999220 0.000000 0.000473 0.000231 
0.000285 0.998891 0.000000 0.000551 0.000274 
0.006043 0.991329 0.000000 0.002341 0.000286 
0.000104 0.998855 0.000000 0.000874 0.000167 
0.000112 0.999133 0.000000 0.000318 0.000437 
0.000151 0.999126 0.000000 0.000413 0.000309 
0.013271 0.978861 0.000017 0.005959 0.001892 
0.000010 0.999163 0.000000 0.000085 0.000742 
0.000013 0.999380 0.000000 0.000239 0.000367 
0.000013 0.999398 0.000000 0.000205 0.000384 
0.002341 0.996003 0.000000 0.001530 0.000126 
0.002124 0.994769 0.000000 0.001730 0.001376 
0.000012 0.998922 0.000000 0.000687 0.000379 
0.000056 0.999207 0.000000 0.000504 0.000232 
0.000061 0.998914 0.000000 0.000826 0.000199 
0.000377 0.998739 0.000000 0.000652 0.000232 
0.000098 0.999123 0.000000 0.000289 0.000490 
0.002162 0.996259 0.000000 0.001414 0.000165 
0.001388 0.996337 0.000000 0.001249 0.001026 
0.000002 0.999235 0.000000 0.000149 0.000615 
0.000094 0.998782 0.000000 0.000266 0.000858 
0.000101 0.999139 0.000000 0.000554 0.000206 
0.013725 0.981967 0.000000 0.003910 0.000397 
0.000155 0.999030 0.000000 0.000629 0.000186 
0.000046 0.999325 0.000000 0.000236 0.000393 
0.000219 0.998960 0.000000 0.000448 0.000374 
0.001931 0.996175 0.000000 0.001350 0.000544 
0.000115 0.999197 0.000000 0.000431 0.000257 
0.000006 0.999313 0.000000 0.000246 0.000435 
0.000207 0.999011 0.000000 0.000565 0.000217 
0.000729 0.998025 0.000000 0.001131 0.000115 
0.000227 0.998986 0.000000 0.000559 0.000228 
0.003065 0.994979 0.000000 0.001644 0.000312 
0.000816 0.997639 0.000000 0.000860 0.000685 
0.000002 0.998971 0.000000 0.000303 0.000724 
0.000046 0.999344 0.000000 0.000304 0.000306 
0.000145 0.999142 0.000000 0.000459 0.000254 
0.000012 0.999405 0.000000 0.000158 0.000424 
0.001435 0.995521 0.000000 0.001427 0.001617 
0.000464 0.998531 0.000000 0.000849 0.000156 
0.015204 0.979460 0.000003 0.004678 0.000656 
0.015753 0.975877 0.000023 0.006540 0.001807 
0.002483 0.991884 0.000000 0.002483 0.003150 
0.000253 0.998724 0.000000 0.000453 0.000570 
0.000215 0.998756 0.000000 0.000415 0.000614 
0.000001 0.998953 0.000000 0.000156 0.000891 
0.000001 0.991343 0.000000 0.004940 0.003716 
0.002076 0.995647 0.000000 0.001494 0.000783 
0.000021 0.999358 0.000000 0.000297 0.000324 
0.000202 0.998359 0.000000 0.000412 0.001026 
0.000082 0.998934 0.000000 0.000801 0.000183 
0.000032 0.999365 0.000000 0.000288 0.000315 
0.000231 0.998981 0.000000 0.000497 0.000291 
0.000155 0.999122 0.000000 0.000471 0.000252 
0.000032 0.999363 0.000000 0.000294 0.000312 
0.000701 0.998190 0.000000 0.000784 0.000325 
0.000724 0.997133 0.000000 0.000890 0.001252 
0.002362 0.994997 0.000000 0.001683 0.000959 
0.000003 0.998802 0.000000 0.000564 0.000631 
0.000085 0.999250 0.000000 0.000314 0.000352 
0.000021 0.999150 0.000000 0.000529 0.000300 
0.000404 0.998616 0.000000 0.000590 0.000390 
0.000528 0.998499 0.000000 0.000756 0.000217 
0.000560 0.998450 0.000000 0.000751 0.000239 
0.000898 0.997878 0.000000 0.000880 0.000343 
0.001434 0.997199 0.000000 0.001131 0.000235 
0.000067 0.998959 0.000000 0.000223 0.000751 
0.001345 0.997329 0.000000 0.001150 0.000176 
0.000003 0.999027 0.000000 0.000371 0.000599 
0.000050 0.999314 0.000000 0.000362 0.000275 
0.000056 0.999305 0.000000 0.000367 0.000272 
0.000341 0.998577 0.000000 0.000952 0.000130 
0.000057 0.999322 0.000000 0.000291 0.000330 
0.000308 0.998110 0.000000 0.000525 0.001057 
0.000230 0.998985 0.000000 0.000549 0.000236 
0.000542 0.998360 0.000000 0.000678 0.000420 
0.000410 0.998538 0.000000 0.000915 0.000137 
0.017656 0.972082 0.000047 0.007809 0.002405 
0.001775 0.996698 0.000000 0.001240 0.000286 
0.000430 0.998579 0.000000 0.000610 0.000382 
0.000014 0.999336 0.000000 0.000298 0.000353 
0.000117 0.998926 0.000000 0.000301 0.000656 
0.000002 0.998966 0.000000 0.000368 0.000664 
0.000019 0.999358 0.000000 0.000292 0.000332 
0.010614 0.976953 0.000030 0.007463 0.004940 
0.000030 0.999379 0.000000 0.000256 0.000335 
0.000286 0.998888 0.000000 0.000550 0.000276 
0.000239 0.998368 0.000000 0.000449 0.000944 
0.001310 0.996471 0.000000 0.001204 0.001015 
0.000027 0.999376 0.000000 0.000197 0.000400 
0.000093 0.999116 0.000000 0.000280 0.000511 
0.000030 0.999378 0.000000 0.000222 0.000370 
0.020082 0.973371 0.000007 0.005779 0.000761 
0.000700 0.997962 0.000000 0.000776 0.000562 
0.000291 0.998870 0.000000 0.000628 0.000211 
0.000158 0.999083 0.000000 0.000547 0.000212 
0.000416 0.998625 0.000000 0.000792 0.000168 
0.000003 0.999242 0.000000 0.000196 0.000560 
0.000263 0.998888 0.000000 0.000660 0.000189 
0.000406 0.998668 0.000000 0.000738 0.000188 
0.000298 0.998867 0.000000 0.000559 0.000276 
0.002943 0.995227 0.000000 0.001723 0.000107 
0.000192 0.998900 0.000000 0.000397 0.000511 
0.000366 0.998691 0.000000 0.000566 0.000377 
0.000287 0.998418 0.000000 0.000490 0.000805 
0.000804 0.998083 0.000000 0.000870 0.000243 
0.000137 0.999116 0.000000 0.000363 0.000384 
0.000034 0.999225 0.000000 0.000478 0.000263 
0.000339 0.998803 0.000000 0.000614 0.000245 
0.000084 0.999194 0.000000 0.000500 0.000222 
0.000593 0.997650 0.000000 0.000758 0.000999 
0.000080 0.999170 0.000000 0.000535 0.000215 
0.000014 0.999406 0.000000 0.000175 0.000405 
0.000618 0.998149 0.000000 0.001120 0.000113 
0.000098 0.999202 0.000000 0.000317 0.000382 
0.000347 0.998677 0.000000 0.000542 0.000433 
0.002049 0.995641 0.000000 0.001495 0.000815 
0.004380 0.992352 0.000000 0.002384 0.000884 
0.000096 0.998698 0.000000 0.000270 0.000936 
0.000002 0.999019 0.000000 0.000307 0.000671 
0.013169 0.983056 0.000000 0.003523 0.000252 
0.000119 0.999186 0.000000 0.000368 0.000327 
0.000000 0.000000 0.000000 0.995309 0.004691 
0.000001 0.000000 0.000012 0.994506 0.005481 
0.000019 0.000000 0.003709 0.987615 0.008658 
0.000000 0.000000 0.000002 0.994933 0.005065 
0.000000 0.000000 0.000000 0.998275 0.001725 
0.000000 0.000000 0.000000 0.997109 0.002891 
0.000000 0.000000 0.000000 0.995642 0.004358 
0.000001 0.000000 0.000000 0.998936 0.001063 
0.000001 0.000000 0.000000 0.999662 0.000338 
0.000000 0.000000 0.000000 0.996257 0.003743 
0.000000 0.000000 0.000000 0.995202 0.004798 
0.000000 0.000000 0.000000 0.994552 0.005448 
0.000001 0.000000 0.000005 0.996605 0.003389 
0.000000 0.000000 0.000005 0.989942 0.010053 
0.000000 0.000000 0.000000 0.990117 0.009883 
0.000000 0.000000 0.000163 0.943749 0.056088 
0.000004 0.000000 0.000000 0.998708 0.001288 
0.000000 0.000000 0.000000 0.999422 0.000578 
0.000000 0.000000 0.000000 0.990243 0.009757 
0.000001 0.000000 0.000000 0.998937 0.001062 
0.000000 0.000000 0.000000 0.997238 0.002762 
0.000000 0.000000 0.000000 0.993161 0.006839 
0.000000 0.000000 0.000000 0.992258 0.007742 
0.000000 0.000000 0.000000 0.988021 0.011979 
0.000000 0.000000 0.000000 0.995803 0.004197 
0.000000 0.000000 0.000000 0.998408 0.001592 
0.000000 0.000000 0.000001 0.983348 0.016650 
0.000000 0.000000 0.000000 0.995117 0.004883 
0.000001 0.000000 0.000020 0.994918 0.005061 
0.000000 0.000000 0.000001 0.994951 0.005048 
0.000000 0.000000 0.000000 0.987602 0.012398 
0.000009 0.000000 0.000374 0.994152 0.005466 
0.000000 0.000000 0.000000 0.998460 0.001540 
0.000000 0.000000 0.000000 0.997581 0.002419 
0.000000 0.000000 0.000000 0.997045 0.002955 
0.000000 0.000000 0.000000 0.999039 0.000961 
0.000000 0.000000 0.000000 0.993318 0.006682 
0.000000 0.000000 0.000017 0.984730 0.015253 
0.000000 0.000000 0.000000 0.987333 0.012667 
0.000000 0.000000 0.000000 0.994991 0.005009 
0.000000 0.000000 0.000000 0.994335 0.005665 
0.000001 0.000000 0.000436 0.984588 0.014975 
0.000000 0.000000 0.000000 0.998257 0.001743 
0.000000 0.000000 0.000000 0.998822 0.001178 
0.000000 0.000000 0.000000 0.979516 0.020484 
0.000000 0.000000 0.000000 0.999460 0.000540 
0.000000 0.000000 0.000000 0.996106 0.003894 
0.000000 0.000000 0.000000 0.983919 0.016081 
0.000000 0.000000 0.000000 0.995002 0.004998 
0.000000 0.000000 0.000022 0.983909 0.016069 
0.000000 0.000000 0.000001 0.982410 0.017589 
0.000000 0.000000 0.000000 0.993390 0.006610 
0.000002 0.000000 0.000014 0.996408 0.003576 
0.000000 0.000000 0.000000 0.998065 0.001935 
0.000000 0.000000 0.000000 0.994715 0.005285 
0.000000 0.000000 0.000000 0.995183 0.004817 
0.000000 0.000000 0.000000 0.974089 0.025911 
0.000000 0.000000 0.000000 0.998436 0.001564 
0.000000 0.000000 0.000043 0.988092 0.011864 
0.000000 0.000000 0.000000 0.998284 0.001716 
0.000000 0.000000 0.000404 0.923406 0.076190 
0.000004 0.000000 0.004012 0.975643 0.020342 
0.000001 0.000000 0.000017 0.994137 0.005845 
0.000000 0.000000 0.000000 0.990867 0.009133 
0.000000 0.000000 0.000000 0.998132 0.001868 
0.000000 0.000000 0.000000 0.983890 0.016110 
0.000000 0.000000 0.000000 0.994423 0.005577 
0.000000 0.000000 0.000000 0.995979 0.004020 
0.000000 0.000000 0.000089 0.987288 0.012623 
0.000000 0.000000 0.000000 0.984273 0.015727 
0.000000 0.000000 0.000001 0.992687 0.007311 
0.000000 0.000000 0.000000 0.993712 0.006288 
0.000000 0.000000 0.000000 0.998591 0.001409 
0.000005 0.000000 0.000077 0.995775 0.004143 
0.000000 0.000000 0.000000 0.996233 0.003766 
0.000001 0.000000 0.000041 0.991666 0.008293 
0.000000 0.000000 0.000000 0.981025 0.018975 
0.000000 0.000000 0.000000 0.997941 0.002058 
0.000001 0.000000 0.000056 0.992928 0.007015 
0.000000 0.000000 0.000008 0.992679 0.007313 
0.000000 0.000000 0.000000 0.999079 0.000921 
0.000000 0.000000 0.000000 0.992033 0.007967 
0.000000 0.000000 0.000002 0.986649 0.013349 
0.000003 0.000000 0.000000 0.999036 0.000961 
0.000000 0.000000 0.000000 0.998997 0.001003 
0.000001 0.000000 0.000331 0.979456 0.020212 
0.000001 0.000000 0.000003 0.996368 0.003628 
0.000000 0.000000 0.000000 0.994903 0.005097 
0.000001 0.000000 0.000003 0.997222 0.002774 
0.000000 0.000000 0.000000 0.970421 0.029579 
0.000000 0.000000 0.000000 0.994956 0.005043 
0.000001 0.000000 0.000001 0.998037 0.001961 
0.000000 0.000000 0.000000 0.989333 0.010667 
0.000000 0.000000 0.000000 0.997863 0.002137 
0.000000 0.000000 0.000009 0.993284 0.006707 
0.000000 0.000000 0.000001 0.990791 0.009207 
0.000000 0.000000 0.000000 0.990511 0.009489 
0.000000 0.000000 0.000000 0.992512 0.007488 
0.000005 0.000000 0.000681 0.990592 0.008723 
0.000000 0.000000 0.000000 0.998475 0.001524 
0.000000 0.000000 0.000000 0.995841 0.004158 
0.000002 0.000000 0.000002 0.997663 0.002333 
0.000000 0.000000 0.000000 0.994677 0.005323 
0.000008 0.000000 0.000996 0.991026 0.007969 
0.000000 0.000000 0.000000 0.993138 0.006862 
0.000000 0.000000 0.000005 0.991873 0.008123 
0.000000 0.000000 0.000000 0.989169 0.010831 
0.000009 0.000000 0.000964 0.991695 0.007332 
0.000001 0.000000 0.000003 0.996872 0.003124 
0.000000 0.000000 0.000000 0.973261 0.026739 
0.000000 0.000000 0.000002 0.996175 0.003823 
0.000000 0.000000 0.000000 0.995741 0.004259 
0.000000 0.000000 0.000007 0.993112 0.006880 
0.000000 0.000000 0.000000 0.992269 0.007731 
0.000000 0.000000 0.000000 0.998554 0.001446 
0.000001 0.000000 0.000000 0.999825 0.000174 
0.000000 0.000000 0.000000 0.999436 0.000564 
0.000000 0.000000 0.000000 0.990216 0.009784 
0.000000 0.000000 0.000000 0.986580 0.013420 
0.000002 0.000000 0.001429 0.979065 0.019504 
0.000000 0.000000 0.000000 0.990688 0.009312 
0.000000 0.000000 0.000000 0.989474 0.010526 
0.000000 0.000000 0.000000 0.997660 0.002340 
0.000000 0.000000 0.000000 0.991110 0.008890 
0.000000 0.000000 0.000000 0.998477 0.001523 
0.000000 0.000000 0.000000 0.987056 0.012944 
0.000001 0.000000 0.000010 0.994837 0.005152 
0.000000 0.000000 0.000004 0.993442 0.006553 
0.000000 0.000000 0.000009 0.991864 0.008127 
0.000000 0.000000 0.000001 0.995039 0.004960 
0.000000 0.000000 0.000000 0.998620 0.001379 
0.000000 0.000000 0.000006 0.991786 0.008208 
0.000000 0.000000 0.000000 0.993126 0.006874 
0.000002 0.000000 0.000367 0.989534 0.010097 
0.000000 0.000000 0.000000 0.984658 0.015341 
0.000000 0.000000 0.000006 0.994225 0.005769 
0.000000 0.000000 0.000000 0.996263 0.003737 
0.000000 0.000000 0.000000 0.998927 0.001073 
0.000015 0.000000 0.002216 0.989842 0.007927 
0.000011 0.000000 0.000005 0.998337 0.001647 
0.000001 0.000000 0.000000 0.997807 0.002192 
0.000000 0.000000 0.000000 0.988361 0.011639 
0.000000 0.000000 0.000000 0.996915 0.003085 
0.000000 0.000000 0.000000 0.989090 0.010910 
0.000000 0.000000 0.000000 0.996918 0.003082 
0.000000 0.000000 0.000000 0.995976 0.004024 
0.000000 0.000000 0.000000 0.998775 0.001225 
0.000530 0.000000 0.000917 0.996634 0.001920 
0.000000 0.000000 0.000016 0.991600 0.008384 
0.000044 0.000000 0.000111 0.997569 0.002275 
0.000000 0.000000 0.000000 0.998807 0.001193 
0.000000 0.000000 0.000000 0.999422 0.000578 
0.000000 0.000000 0.000000 0.998091 0.001909 
0.000000 0.000000 0.000000 0.993314 0.006686 
0.000000 0.000000 0.000000 0.996701 0.003299 
0.000000 0.000000 0.000000 0.995550 0.004450 
0.000000 0.000000 0.000000 0.995415 0.004585 
0.000000 0.000000 0.000000 0.992298 0.007702 
0.000000 0.000000 0.000000 0.998927 0.001073 
0.000000 0.000000 0.000000 0.999305 0.000695 
0.000000 0.000000 0.000000 0.994203 0.005797 
0.000000 0.000000 0.000000 0.998643 0.001357 
0.000000 0.000000 0.000000 0.996155 0.003845 
0.000000 0.000000 0.000000 0.995573 0.004427 
0.000000 0.000000 0.000000 0.997684 0.002316 
0.000000 0.000000 0.000000 0.999139 0.000861 
0.000000 0.000000 0.000000 0.997723 0.002277 
0.000000 0.000000 0.000000 0.996651 0.003349 
0.000000 0.000000 0.000000 0.989132 0.010868 
0.000000 0.000000 0.000000 0.995883 0.004117 
0.000000 0.000000 0.000000 0.998935 0.001065 
0.000000 0.000000 0.000000 0.998392 0.001608 
0.000000 0.000000 0.000000 0.999651 0.000349 
0.000000 0.000000 0.000000 0.999308 0.000692 
0.000000 0.000000 0.000000 0.999445 0.000555 
0.000000 0.000000 0.000000 0.994346 0.005654 
0.000000 0.000000 0.000000 0.999080 0.000920 
0.000000 0.000000 0.000000 0.996281 0.003719 
0.000000 0.000000 0.000000 0.997493 0.002507 
0.000000 0.000000 0.000000 0.998530 0.001470 
0.000000 0.000000 0.000000 0.998334 0.001666 
0.000000 0.000000 0.000000 0.994585 0.005415 
0.000000 0.000000 0.000000 0.996800 0.003200 
0.000000 0.000000 0.000000 0.999333 0.000667 
0.000000 0.000000 0.000000 0.999091 0.000909 
0.000000 0.000000 0.000000 0.989020 0.010980 
0.000000 0.000000 0.000000 0.998816 0.001184 
0.000000 0.000000 0.000000 0.996339 0.003661 
0.000000 0.000000 0.000000 0.999056 0.000944 
0.000000 0.000000 0.000000 0.999609 0.000391 
0.000000 0.000000 0.000000 0.994004 0.005996 
0.000000 0.000000 0.000000 0.999025 0.000975 
0.000000 0.000000 0.000000 0.999514 0.000486 
0.000000 0.000000 0.000000 0.995193 0.004807 
0.000000 0.000000 0.000000 0.998471 0.001529 
0.000000 0.000000 0.000000 0.999326 0.000674 
0.000000 0.000000 0.000000 0.998523 0.001477 
0.000000 0.000000 0.000000 0.997568 0.002432 
0.000000 0.000000 0.000000 0.995031 0.004969 
0.000000 0.000000 0.000000 0.998484 0.001516 
0.000000 0.000000 0.000000 0.999365 0.000635 
0.000000 0.000000 0.000000 0.979470 0.020530 
0.000000 0.000000 0.000000 0.997384 0.002616 
0.000000 0.000000 0.000000 0.997066 0.002934 
0.000000 0.000000 0.000000 0.998672 0.001328 
0.000000 0.000000 0.000000 0.997808 0.002192 
0.000000 0.000000 0.000000 0.999428 0.000572 
0.000000 0.000000 0.000000 0.997107 0.002893 
0.000000 0.000000 0.000000 0.999573 0.000427 
0.000000 0.000000 0.000000 0.964220 0.035780 
0.000000 0.000000 0.000000 0.998722 0.001278 
0.000000 0.000000 0.000000 0.979904 0.020096 
0.000000 0.000000 0.000000 0.999543 0.000457 
0.000000 0.000000 0.000000 0.992884 0.007116 
0.000000 0.000000 0.000000 0.993962 0.006038 
0.000000 0.000000 0.000000 0.995221 0.004779 
0.000000 0.000000 0.000000 0.997296 0.002704 
0.000000 0.000000 0.000000 0.999090 0.000910 
0.000000 0.000000 0.000000 0.995548 0.004452 
0.000000 0.000000 0.000000 0.998629 0.001371 
0.000000 0.000000 0.000000 0.980815 0.019185 
0.000000 0.000000 0.000000 0.998981 0.001019 
0.000000 0.000000 0.000000 0.997338 0.002662 
0.000000 0.000000 0.000000 0.998968 0.001032 
0.000000 0.000000 0.000000 0.988185 0.011815 
0.000000 0.000000 0.000000 0.999142 0.000858 
0.000000 0.000000 0.000000 0.995687 0.004313 
0.000000 0.000000 0.000000 0.998876 0.001124 
0.000000 0.000000 0.000000 0.998744 0.001256 
0.000000 0.000000 0.000000 0.981089 0.018911 
0.000000 0.000000 0.000000 0.995335 0.004665 
0.000000 0.000000 0.000000 0.994027 0.005973 
0.000000 0.000000 0.000000 0.991179 0.008821 
0.000000 0.000000 0.000000 0.981927 0.018073 
0.000000 0.000000 0.000000 0.999713 0.000287 
0.000000 0.000000 0.000000 0.984690 0.015310 
0.000000 0.000000 0.000000 0.997827 0.002173 
0.000000 0.000000 0.000000 0.948263 0.051737 
0.000000 0.000000 0.000000 0.999540 0.000460 
0.000000 0.000000 0.000000 0.992455 0.007545 
0.000000 0.000000 0.000000 0.996902 0.003098 
0.000000 0.000000 0.000000 0.997101 0.002899 
0.000000 0.000000 0.000000 0.999129 0.000871 
0.000000 0.000000 0.000000 0.999641 0.000359 
0.000000 0.000000 0.000000 0.993572 0.006428 
0.000000 0.000000 0.000000 0.993335 0.006665 
0.000000 0.000000 0.000000 0.998215 0.001785 
0.000000 0.000000 0.000000 0.998377 0.001623 
0.000000 0.000000 0.000000 0.995363 0.004637 
0.000000 0.000000 0.000000 0.997047 0.002953 
0.000000 0.000000 0.000000 0.995796 0.004204 
0.000000 0.000000 0.000000 0.999012 0.000988 
0.000000 0.000000 0.000000 0.999597 0.000403 
0.000000 0.000000 0.000000 0.989089 0.010911 
0.000000 0.000000 0.000000 0.992026 0.007974 
0.000000 0.000000 0.000000 0.999515 0.000485 
0.000000 0.000000 0.000000 0.991205 0.008795 
0.000000 0.000000 0.000000 0.995896 0.004104 
0.000000 0.000000 0.000000 0.965254 0.034746 
0.000000 0.000000 0.000000 0.998982 0.001018 
0.000000 0.000000 0.000000 0.999400 0.000600 
0.000000 0.000000 0.000000 0.999144 0.000856 
0.000000 0.000000 0.000000 0.997840 0.002160 
0.000000 0.000000 0.000000 0.999746 0.000254 
0.000000 0.000000 0.000000 0.996524 0.003476 
0.000000 0.000000 0.000000 0.998277 0.001723 
0.000000 0.000000 0.000000 0.999125 0.000875 
0.000000 0.000000 0.000000 0.999420 0.000580 
0.000000 0.000000 0.000000 0.998123 0.001877 
