0.000192 0.000000 0.000000 0.000012 0.999796 
0.000047 0.000016 0.000000 0.006362 0.993574 
0.000197 0.000210 0.000000 0.007757 0.991836 
0.008674 0.000012 0.000000 0.000000 0.991314 
0.000132 0.000012 0.000000 0.001158 0.998698 
0.000118 0.000007 0.000000 0.000844 0.999032 
0.000119 0.000002 0.000000 0.000333 0.999546 
0.012847 0.000015 0.000000 0.000000 0.987138 
0.000018 0.000001 0.000000 0.001733 0.998248 
0.000728 0.000001 0.000000 0.000003 0.999268 
0.000165 0.000038 0.000000 0.002321 0.997476 
0.000074 0.000056 0.000000 0.010104 0.989767 
0.000138 0.000784 0.000000 0.038347 0.960731 
0.000347 0.000123 0.000000 0.001940 0.997590 
0.000270 0.000003 0.000000 0.000094 0.999633 
0.000346 0.000004 0.000000 0.000085 0.999565 
0.007451 0.001548 0.000000 0.000033 0.990968 
0.001174 0.000067 0.000000 0.000105 0.998653 
0.001645 0.000350 0.000000 0.000257 0.997748 
0.004046 0.000001 0.000000 0.000000 0.995953 
0.024335 0.000137 0.000000 0.000000 0.975527 
0.000002 0.000690 0.000000 0.589276 0.410031 
0.000013 0.000135 0.000000 0.115813 0.884038 
0.000061 0.000004 0.000000 0.001488 0.998447 
0.000395 0.000002 0.000000 0.000040 0.999563 
0.000095 0.000016 0.000000 0.002528 0.997360 
0.000134 0.000008 0.000000 0.000812 0.999045 
0.000017 0.000001 0.000000 0.001425 0.998557 
0.000006 0.000001 0.000000 0.003955 0.996038 
0.000014 0.000001 0.000000 0.002692 0.997293 
0.000001 0.000000 0.000000 0.004144 0.995855 
0.000206 0.000006 0.000000 0.000322 0.999466 
0.000021 0.000000 0.000000 0.000244 0.999735 
0.000748 0.000105 0.000000 0.000408 0.998740 
0.000049 0.000002 0.000000 0.000899 0.999050 
0.000000 0.000003 0.000000 0.049764 0.950233 
0.000125 0.000033 0.000000 0.003075 0.996768 
0.000004 0.000005 0.000000 0.026500 0.973492 
0.000014 0.000099 0.000000 0.091315 0.908572 
0.000090 0.000016 0.000000 0.002647 0.997247 
0.000060 0.000001 0.000000 0.000252 0.999688 
0.000200 0.000016 0.000000 0.000806 0.998977 
0.000128 0.000008 0.000000 0.000862 0.999002 
0.000191 0.000005 0.000000 0.000306 0.999498 
0.000321 0.000465 0.000000 0.007262 0.991952 
0.000103 0.000008 0.000000 0.001174 0.998715 
0.000002 0.000682 0.000000 0.632853 0.366463 
0.000344 0.000021 0.000000 0.000401 0.999234 
0.000070 0.000006 0.000000 0.001634 0.998290 
0.000845 0.000001 0.000000 0.000003 0.999151 
0.003223 0.000079 0.000000 0.000012 0.996686 
0.058687 0.000198 0.000000 0.000000 0.941115 
0.002001 0.004001 0.000000 0.001879 0.992119 
0.000153 0.000010 0.000000 0.000823 0.999013 
0.000751 0.000044 0.000000 0.000178 0.999027 
0.000005 0.000022 0.000000 0.067640 0.932334 
0.003460 0.000003 0.000000 0.000000 0.996537 
0.000611 0.000005 0.000000 0.000033 0.999352 
0.004218 0.000120 0.000000 0.000009 0.995653 
0.000479 0.000036 0.000000 0.000353 0.999133 
0.000076 0.000015 0.000000 0.003287 0.996621 
0.000101 0.000017 0.000000 0.002365 0.997517 
0.000198 0.000020 0.000000 0.000982 0.998800 
0.000012 0.000050 0.000000 0.063648 0.936289 
0.001441 0.000089 0.000000 0.000089 0.998380 
0.000018 0.000000 0.000000 0.000152 0.999831 
0.000072 0.000046 0.000000 0.008980 0.990902 
0.000065 0.000230 0.000000 0.037005 0.962700 
0.000001 0.000003 0.000000 0.040662 0.959334 
0.016151 0.000231 0.000000 0.000000 0.983617 
0.000212 0.000015 0.000000 0.000659 0.999115 
0.000004 0.000000 0.000000 0.003624 0.996372 
0.000838 0.000025 0.000000 0.000082 0.999055 
0.000071 0.000011 0.000000 0.002673 0.997246 
0.000065 0.000090 0.000000 0.017497 0.982348 
0.000144 0.000000 0.000000 0.000003 0.999853 
0.000478 0.000007 0.000000 0.000079 0.999436 
0.001819 0.000040 0.000000 0.000024 0.998117 
0.000056 0.000007 0.000000 0.002526 0.997412 
0.000011 0.000001 0.000000 0.003765 0.996223 
0.000062 0.000020 0.000000 0.005271 0.994647 
0.001083 0.000115 0.000000 0.000211 0.998591 
0.010485 0.000227 0.000000 0.000002 0.989287 
0.000742 0.000058 0.000000 0.000238 0.998962 
0.000195 0.000049 0.000000 0.002219 0.997538 
0.004296 0.000000 0.000000 0.000000 0.995704 
0.000005 0.000001 0.000000 0.004369 0.995625 
0.000009 0.000378 0.000000 0.269900 0.729712 
0.000208 0.000003 0.000000 0.000178 0.999610 
0.001397 0.000000 0.000000 0.000000 0.998603 
0.001055 0.000007 0.000000 0.000014 0.998925 
0.000175 0.000014 0.000000 0.000890 0.998921 
0.000073 0.000029 0.000000 0.005984 0.993914 
0.000121 0.000000 0.000000 0.000002 0.999877 
0.000012 0.000006 0.000000 0.011858 0.988125 
0.000455 0.000020 0.000000 0.000230 0.999294 
0.003192 0.000002 0.000000 0.000000 0.996806 
0.000003 0.000001 0.000000 0.005011 0.994985 
0.000622 0.000006 0.000000 0.000040 0.999331 
0.000014 0.000001 0.000000 0.002021 0.997964 
0.000028 0.000015 0.000000 0.010854 0.989103 
0.000067 0.000042 0.000000 0.009025 0.990866 
0.000053 0.000012 0.000000 0.004252 0.995683 
0.000093 0.000006 0.000000 0.001139 0.998761 
0.000357 0.000001 0.000000 0.000030 0.999612 
0.000042 0.000019 0.000000 0.008485 0.991454 
0.000038 0.000001 0.000000 0.000620 0.999342 
0.000261 0.000003 0.000000 0.000106 0.999630 
0.000087 0.000005 0.000000 0.001106 0.998802 
0.000070 0.000013 0.000000 0.003087 0.996831 
0.000016 0.000012 0.000000 0.015710 0.984262 
0.000180 0.000098 0.000000 0.004596 0.995127 
0.000009 0.000314 0.000000 0.251755 0.747922 
0.000131 0.000004 0.000000 0.000501 0.999364 
0.000237 0.000004 0.000000 0.000173 0.999586 
0.000011 0.000004 0.000000 0.009643 0.990342 
0.001040 0.000003 0.000000 0.000007 0.998950 
0.000007 0.000008 0.000000 0.025382 0.974603 
0.000125 0.000011 0.000000 0.001206 0.998658 
0.000137 0.000004 0.000000 0.000468 0.999391 
0.023271 0.000008 0.000000 0.000000 0.976721 
0.000067 0.000028 0.000000 0.006443 0.993461 
0.000166 0.000002 0.000000 0.000137 0.999695 
0.000431 0.000003 0.000000 0.000044 0.999522 
0.000052 0.000001 0.000000 0.000668 0.999279 
0.000233 0.000007 0.000000 0.000281 0.999479 
0.000078 0.000003 0.000000 0.000721 0.999198 
0.000165 0.000024 0.000000 0.001531 0.998281 
0.000198 0.000033 0.000000 0.001510 0.998259 
0.000185 0.000012 0.000000 0.000678 0.999126 
0.006552 0.000000 0.000000 0.000000 0.993448 
0.000013 0.000310 0.000000 0.193576 0.806101 
0.000018 0.000000 0.000000 0.000235 0.999747 
0.000002 0.000000 0.000000 0.002842 0.997155 
0.000023 0.000011 0.000000 0.010290 0.989676 
0.000064 0.000698 0.000000 0.086248 0.912991 
0.000058 0.000000 0.000000 0.000065 0.999876 
0.000030 0.000322 0.000000 0.105461 0.894187 
0.008507 0.000034 0.000000 0.000000 0.991459 
0.000044 0.000002 0.000000 0.001073 0.998881 
0.003151 0.000000 0.000000 0.000000 0.996849 
0.000303 0.000003 0.000000 0.000088 0.999605 
0.000018 0.000000 0.000000 0.000897 0.999084 
0.000210 0.000005 0.000000 0.000260 0.999525 
0.000021 0.000005 0.000000 0.005846 0.994128 
0.000083 0.000001 0.000000 0.000208 0.999708 
0.000132 0.000001 0.000000 0.000080 0.999787 
0.000344 0.000072 0.000000 0.001222 0.998361 
0.000005 0.000008 0.000000 0.032476 0.967512 
0.000050 0.000000 0.000000 0.000116 0.999834 
0.003964 0.000009 0.000000 0.000001 0.996026 
0.000077 0.000003 0.000000 0.000752 0.999168 
0.000008 0.000151 0.000000 0.177870 0.821971 
0.000001 0.000127 0.000000 0.429904 0.569969 
0.000015 0.000010 0.000000 0.015305 0.984670 
0.000162 0.000007 0.000000 0.000558 0.999274 
0.000008 0.001060 0.000000 0.475546 0.523386 
0.000199 0.000000 0.000000 0.000026 0.999774 
0.000110 0.000162 0.000000 0.014330 0.985398 
0.000092 0.000005 0.000000 0.001002 0.998901 
0.001905 0.000276 0.000000 0.000147 0.997671 
0.000107 0.000008 0.000000 0.001169 0.998715 
0.000010 0.003029 0.000000 0.595811 0.401150 
0.000005 0.000000 0.000000 0.001244 0.998751 
0.000048 0.000000 0.000000 0.000254 0.999698 
0.000091 0.000007 0.000000 0.001254 0.998648 
0.000052 0.000010 0.000000 0.003712 0.996226 
0.018053 0.000000 0.000000 0.000000 0.981947 
0.000177 0.000014 0.000000 0.000847 0.998962 
0.000281 0.000007 0.000000 0.000217 0.999495 
0.000427 0.000026 0.000000 0.000320 0.999227 
0.000312 0.000007 0.000000 0.000169 0.999512 
0.000157 0.000004 0.000000 0.000311 0.999529 
0.000367 0.000004 0.000000 0.000084 0.999545 
0.000907 0.000035 0.000000 0.000097 0.998961 
0.000103 0.000002 0.000000 0.000397 0.999497 
0.000030 0.000020 0.000000 0.012452 0.987498 
0.000036 0.000001 0.000000 0.000813 0.999150 
0.000252 0.000266 0.000000 0.006520 0.992962 
0.000162 0.000085 0.000000 0.004770 0.994984 
0.000532 0.000000 0.000000 0.000002 0.999465 
0.000124 0.000009 0.000000 0.001057 0.998810 
0.000215 0.000019 0.000000 0.000826 0.998940 
0.000188 0.000013 0.000000 0.000745 0.999054 
0.000113 0.000013 0.000000 0.001567 0.998307 
0.000055 0.000005 0.000000 0.002011 0.997929 
0.000072 0.000131 0.000000 0.020759 0.979038 
0.000262 0.000021 0.000000 0.000634 0.999083 
0.000059 0.000028 0.000000 0.007532 0.992381 
0.000015 0.000006 0.000000 0.010175 0.989805 
0.001433 0.000045 0.000000 0.000046 0.998477 
0.003934 0.000005 0.000000 0.000000 0.996061 
0.003591 0.000198 0.000000 0.000024 0.996187 
0.000037 0.000000 0.000000 0.000077 0.999885 
0.001543 0.000011 0.000000 0.000010 0.998435 
0.000016 0.001421 0.000000 0.377154 0.621408 
0.006770 0.000100 0.000000 0.000002 0.993128 
0.000116 0.000012 0.000000 0.001448 0.998424 
0.000000 0.000006 0.000000 0.092697 0.907297 
0.000510 0.000004 0.000000 0.000036 0.999450 
0.000148 0.000013 0.000000 0.001050 0.998790 
0.000001 0.000070 0.000000 0.258742 0.741187 
0.001084 0.000027 0.000000 0.000051 0.998838 
0.004805 0.000018 0.000000 0.000001 0.995176 
0.000151 0.000010 0.000000 0.000827 0.999012 
0.003924 0.000114 0.000000 0.000011 0.995952 
0.000115 0.000007 0.000000 0.000914 0.998964 
0.000004 0.000000 0.000000 0.004086 0.995910 
0.000473 0.000001 0.000000 0.000007 0.999519 
0.000023 0.000002 0.000000 0.003058 0.996917 
0.000056 0.000045 0.000000 0.011998 0.987900 
0.000277 0.000019 0.000000 0.000534 0.999170 
0.000140 0.000064 0.000000 0.004665 0.995130 
0.000125 0.000008 0.000000 0.000925 0.998941 
0.000108 0.000013 0.000000 0.001676 0.998204 
0.000819 0.000003 0.000000 0.000012 0.999166 
0.000308 0.000000 0.000000 0.000005 0.999686 
0.001287 0.000033 0.000000 0.000043 0.998637 
0.000200 0.000003 0.000000 0.000158 0.999639 
0.000171 0.000001 0.000000 0.000100 0.999728 
0.000010 0.000002 0.000000 0.005756 0.994232 
0.000120 0.000001 0.000000 0.000119 0.999760 
0.000029 0.000196 0.000000 0.075477 0.924298 
0.000378 0.000006 0.000000 0.000103 0.999513 
0.000005 0.000001 0.000000 0.005985 0.994010 
0.000073 0.000000 0.000000 0.000049 0.999878 
0.000119 0.000244 0.000000 0.018122 0.981515 
0.000011 0.000026 0.000000 0.042061 0.957902 
0.000353 0.000019 0.000000 0.000339 0.999290 
0.000179 0.000023 0.000000 0.001311 0.998487 
0.000109 0.000001 0.000000 0.000163 0.999727 
0.001031 0.000003 0.000000 0.000006 0.998960 
0.001854 0.000046 0.000000 0.000026 0.998073 
0.001064 0.000062 0.000000 0.000121 0.998753 
0.000752 0.000010 0.000000 0.000042 0.999196 
0.000158 0.000010 0.000000 0.000742 0.999091 
0.000199 0.000003 0.000000 0.000194 0.999604 
0.000034 0.000001 0.000000 0.001000 0.998964 
0.000077 0.000014 0.000000 0.003034 0.996874 
0.000527 0.000002 0.000000 0.000020 0.999452 
0.000042 0.000004 0.000000 0.002502 0.997452 
0.000234 0.000007 0.000000 0.000301 0.999458 
0.000049 0.000008 0.000000 0.003527 0.996415 
0.003932 0.005975 0.000000 0.000653 0.989440 
0.000043 0.000047 0.000000 0.017061 0.982850 
0.000415 0.000005 0.000000 0.000071 0.999509 
0.000061 0.000010 0.000000 0.003172 0.996756 
0.000088 0.000100 0.000000 0.013077 0.986735 
0.000072 0.000015 0.000000 0.003393 0.996520 
0.000016 0.000000 0.000000 0.000383 0.999600 
0.000002 0.000003 0.000000 0.029111 0.970884 
0.000064 0.000000 0.000000 0.000095 0.999841 
0.000121 0.000012 0.000000 0.001348 0.998519 
0.000115 0.000005 0.000000 0.000673 0.999207 
0.000123 0.000002 0.000000 0.000284 0.999591 
0.000019 0.000034 0.000000 0.030813 0.969133 
0.000016 0.000237 0.000000 0.146642 0.853106 
0.001130 0.000070 0.000000 0.000120 0.998680 
0.000224 0.000001 0.000000 0.000040 0.999735 
0.000005 0.000610 0.000000 0.454976 0.544409 
0.004875 0.000168 0.000000 0.000009 0.994948 
0.000078 0.000003 0.000000 0.000799 0.999120 
0.000538 0.000003 0.000000 0.000025 0.999435 
0.000054 0.000004 0.000000 0.001651 0.998291 
0.000005 0.000013 0.000000 0.045114 0.954867 
0.000771 0.000175 0.000000 0.000625 0.998428 
0.000204 0.000007 0.000000 0.000356 0.999433 
0.000029 0.000473 0.000000 0.140525 0.858973 
0.000194 0.000011 0.000000 0.000577 0.999219 
0.000245 0.000027 0.000000 0.000885 0.998843 
0.000080 0.000010 0.000000 0.002082 0.997829 
0.000006 0.000002 0.000000 0.008457 0.991535 
0.000141 0.000011 0.000000 0.001000 0.998848 
0.000009 0.000067 0.000000 0.093775 0.906149 
0.000111 0.000012 0.000000 0.001520 0.998358 
0.000177 0.000035 0.000000 0.001940 0.997848 
0.001740 0.000004 0.000000 0.000002 0.998253 
0.020416 0.000327 0.000000 0.000000 0.979256 
0.000156 0.000013 0.000000 0.001010 0.998821 
0.002689 0.000033 0.000000 0.000008 0.997269 
0.000191 0.000006 0.000000 0.000349 0.999454 
0.001012 0.000013 0.000000 0.000031 0.998944 
0.000007 0.000021 0.000000 0.051251 0.948721 
0.001333 0.000029 0.000000 0.000036 0.998602 
0.000008 0.000041 0.000000 0.077700 0.922251 
0.002752 0.000275 0.000000 0.000063 0.996910 
0.000188 0.000016 0.000000 0.000861 0.998935 
0.000349 0.000007 0.000000 0.000144 0.999500 
0.000123 0.000004 0.000000 0.000494 0.999378 
0.000146 0.000360 0.000000 0.018902 0.980593 
0.004469 0.000475 0.000000 0.000034 0.995022 
0.000059 0.000019 0.000000 0.005615 0.994307 
0.000083 0.000005 0.000000 0.001107 0.998805 
0.001264 0.000059 0.000000 0.000079 0.998599 
0.000005 0.000005 0.000000 0.021496 0.978494 
0.000083 0.000019 0.000000 0.003552 0.996346 
0.255857 0.000085 0.000000 0.000000 0.744058 
0.000983 0.000004 0.000000 0.000010 0.999004 
0.000167 0.000013 0.000000 0.000876 0.998944 
0.000000 0.000002 0.000000 0.039732 0.960265 
0.913057 0.000014 0.000000 0.000000 0.086929 
0.898082 0.000008 0.000000 0.000000 0.101910 
0.915976 0.000002 0.000000 0.000000 0.084023 
0.872064 0.000000 0.000000 0.000000 0.127936 
0.953011 0.000004 0.000000 0.000000 0.046985 
0.891442 0.000006 0.000000 0.000000 0.108552 
0.980119 0.000019 0.000000 0.000000 0.019862 
0.163710 0.000003 0.000000 0.000000 0.836287 
0.317820 0.104990 0.000000 0.000000 0.577190 
0.896943 0.000004 0.000000 0.000000 0.103053 
0.962773 0.000009 0.000000 0.000000 0.037218 
0.915441 0.000007 0.000000 0.000000 0.084552 
0.097516 0.003075 0.000000 0.000000 0.899408 
0.566656 0.000000 0.000000 0.000000 0.433344 
0.983622 0.000098 0.000000 0.000000 0.016280 
0.856895 0.001179 0.000000 0.000000 0.141925 
0.949971 0.000025 0.000000 0.000000 0.050004 
0.880812 0.000038 0.000000 0.000000 0.119150 
0.973817 0.000008 0.000000 0.000000 0.026175 
0.994166 0.000002 0.000000 0.000000 0.005831 
0.862893 0.000008 0.000000 0.000000 0.137099 
0.815634 0.000010 0.000000 0.000000 0.184356 
0.993195 0.000003 0.000000 0.000000 0.006801 
0.923295 0.000001 0.000000 0.000000 0.076704 
0.909408 0.000012 0.000000 0.000000 0.090581 
0.806084 0.000007 0.000000 0.000000 0.193909 
0.984779 0.000001 0.000000 0.000000 0.015220 
0.899871 0.000060 0.000000 0.000000 0.100069 
0.947410 0.000000 0.000000 0.000000 0.052590 
0.705015 0.000357 0.000000 0.000000 0.294628 
0.974806 0.000013 0.000000 0.000000 0.025180 
0.228847 0.001204 0.000000 0.000000 0.769949 
0.989122 0.000004 0.000000 0.000000 0.010874 
0.901694 0.000009 0.000000 0.000000 0.098297 
0.912437 0.000002 0.000000 0.000000 0.087561 
0.095590 0.000001 0.000000 0.000000 0.904409 
0.935889 0.000000 0.000000 0.000000 0.064111 
0.402276 0.000011 0.000000 0.000000 0.597712 
0.965652 0.000008 0.000000 0.000000 0.034340 
0.958400 0.000000 0.000000 0.000000 0.041600 
0.937013 0.000000 0.000000 0.000000 0.062987 
0.954372 0.000008 0.000000 0.000000 0.045620 
0.891864 0.000008 0.000000 0.000000 0.108127 
0.861305 0.000760 0.000000 0.000000 0.137935 
0.897898 0.000009 0.000000 0.000000 0.102093 
0.998057 0.000001 0.000000 0.000000 0.001942 
0.994965 0.000001 0.000000 0.000000 0.005034 
0.112616 0.000009 0.000000 0.000000 0.887375 
0.557529 0.000785 0.000000 0.000000 0.441687 
0.970610 0.000005 0.000000 0.000000 0.029385 
0.591754 0.006967 0.000000 0.000000 0.401279 
0.964231 0.000046 0.000000 0.000000 0.035723 
0.698596 0.000026 0.000000 0.000000 0.301378 
0.473662 0.000004 0.000000 0.000000 0.526335 
0.630692 0.000368 0.000000 0.000000 0.368940 
0.823443 0.000007 0.000000 0.000000 0.176550 
0.990173 0.000002 0.000000 0.000000 0.009826 
0.908740 0.000022 0.000000 0.000000 0.091237 
0.502216 0.000000 0.000000 0.000000 0.497784 
0.897951 0.000009 0.000000 0.000000 0.102040 
0.849809 0.000148 0.000000 0.000000 0.150043 
0.963520 0.000011 0.000000 0.000000 0.036470 
0.986759 0.000086 0.000000 0.000000 0.013154 
0.010800 0.000020 0.000000 0.000000 0.989180 
0.898782 0.000006 0.000000 0.000000 0.101212 
0.989163 0.000027 0.000000 0.000000 0.010810 
0.990906 0.000975 0.000000 0.000000 0.008118 
0.903687 0.000016 0.000000 0.000000 0.096297 
0.976095 0.000019 0.000000 0.000000 0.023886 
0.925519 0.000005 0.000000 0.000000 0.074476 
0.956992 0.000000 0.000000 0.000000 0.043008 
0.661139 0.000000 0.000000 0.000000 0.338861 
0.732987 0.000001 0.000000 0.000000 0.267012 
0.892890 0.000012 0.000000 0.000000 0.107098 
0.236747 0.002101 0.000000 0.000000 0.761152 
0.631616 0.000033 0.000000 0.000000 0.368351 
0.996603 0.000015 0.000000 0.000000 0.003382 
0.866362 0.000002 0.000000 0.000000 0.133636 
0.996668 0.000048 0.000000 0.000000 0.003283 
0.992670 0.000027 0.000000 0.000000 0.007303 
0.938582 0.000023 0.000000 0.000000 0.061395 
0.906034 0.000008 0.000000 0.000000 0.093957 
0.946953 0.000035 0.000000 0.000000 0.053012 
0.975595 0.000003 0.000000 0.000000 0.024402 
0.035227 0.000005 0.000000 0.000000 0.964768 
0.930285 0.000184 0.000000 0.000000 0.069531 
0.622472 0.004537 0.000000 0.000000 0.372991 
0.955686 0.000000 0.000000 0.000000 0.044314 
0.970369 0.000001 0.000000 0.000000 0.029630 
0.883238 0.000244 0.000000 0.000000 0.116518 
0.976796 0.000007 0.000000 0.000000 0.023197 
0.873680 0.000023 0.000000 0.000000 0.126297 
0.615630 0.000002 0.000000 0.000000 0.384368 
0.921506 0.000003 0.000000 0.000000 0.078491 
0.935320 0.000002 0.000000 0.000000 0.064678 
0.937065 0.000010 0.000000 0.000000 0.062925 
0.891840 0.000000 0.000000 0.000000 0.108160 
0.985257 0.000001 0.000000 0.000000 0.014742 
0.875790 0.000001 0.000000 0.000000 0.124209 
0.761107 0.049656 0.000000 0.000000 0.189237 
0.949020 0.000021 0.000000 0.000000 0.050959 
0.960101 0.000137 0.000000 0.000000 0.039761 
0.966163 0.000000 0.000000 0.000000 0.033836 
0.875300 0.000000 0.000000 0.000000 0.124699 
0.680178 0.000883 0.000000 0.000000 0.318939 
0.919020 0.000000 0.000000 0.000000 0.080980 
0.842354 0.001477 0.000000 0.000000 0.156169 
0.969349 0.000007 0.000000 0.000000 0.030645 
0.976382 0.002506 0.000000 0.000000 0.021112 
0.997967 0.000040 0.000000 0.000000 0.001993 
0.888508 0.000000 0.000000 0.000000 0.111492 
0.954680 0.000005 0.000000 0.000000 0.045314 
0.821762 0.000080 0.000000 0.000000 0.178158 
0.029184 0.000356 0.000000 0.000000 0.970460 
0.981003 0.000039 0.000000 0.000000 0.018957 
0.742430 0.000001 0.000000 0.000000 0.257570 
0.508660 0.000015 0.000000 0.000000 0.491326 
0.897920 0.000009 0.000000 0.000000 0.102071 
0.955045 0.000001 0.000000 0.000000 0.044954 
0.974366 0.004975 0.000000 0.000000 0.020660 
0.984709 0.000003 0.000000 0.000000 0.015287 
0.988955 0.000000 0.000000 0.000000 0.011045 
0.270217 0.000068 0.000000 0.000000 0.729715 
0.843058 0.000005 0.000000 0.000000 0.156937 
0.966801 0.000032 0.000000 0.000000 0.033167 
0.902336 0.000008 0.000000 0.000000 0.097656 
0.904383 0.000008 0.000000 0.000000 0.095609 
0.790480 0.000022 0.000000 0.000000 0.209498 
0.904304 0.000008 0.000000 0.000000 0.095689 
0.919299 0.000000 0.000000 0.000000 0.080700 
0.990467 0.000001 0.000000 0.000000 0.009531 
0.924244 0.000019 0.000000 0.000000 0.075736 
0.809799 0.000000 0.000000 0.000000 0.190201 
0.873615 0.000142 0.000000 0.000000 0.126243 
0.209748 0.000013 0.000000 0.000000 0.790238 
0.871693 0.000013 0.000000 0.000000 0.128294 
0.805841 0.000002 0.000000 0.000000 0.194156 
0.992688 0.000001 0.000000 0.000000 0.007310 
0.958582 0.000003 0.000000 0.000000 0.041415 
0.881053 0.000001 0.000000 0.000000 0.118946 
0.947792 0.000008 0.000000 0.000000 0.052200 
0.997992 0.000000 0.000000 0.000000 0.002008 
0.057632 0.000000 0.000000 0.000000 0.942368 
0.510115 0.000036 0.000000 0.000000 0.489849 
0.975706 0.003096 0.000000 0.000000 0.021198 
0.657417 0.000000 0.000000 0.000000 0.342583 
0.988377 0.000211 0.000000 0.000000 0.011413 
0.983933 0.000002 0.000000 0.000000 0.016065 
0.982039 0.000007 0.000000 0.000000 0.017954 
0.968168 0.001068 0.000000 0.000000 0.030764 
0.788903 0.000002 0.000000 0.000000 0.211095 
0.895955 0.000009 0.000000 0.000000 0.104036 
0.990226 0.000061 0.000000 0.000000 0.009712 
0.912614 0.000000 0.000000 0.000000 0.087386 
0.674285 0.000000 0.000000 0.000000 0.325715 
0.893003 0.000016 0.000000 0.000000 0.106981 
0.394389 0.000000 0.000000 0.000000 0.605611 
0.979642 0.000000 0.000000 0.000000 0.020358 
0.988222 0.000217 0.000000 0.000000 0.011561 
0.972135 0.000000 0.000000 0.000000 0.027865 
0.991411 0.000000 0.000000 0.000000 0.008589 
0.926313 0.000022 0.000000 0.000000 0.073665 
0.908683 0.000001 0.000000 0.000000 0.091315 
0.929550 0.000025 0.000000 0.000000 0.070424 
0.742856 0.000002 0.000000 0.000000 0.257142 
0.974891 0.000018 0.000000 0.000000 0.025090 
0.984253 0.000002 0.000000 0.000000 0.015745 
0.987511 0.000201 0.000000 0.000000 0.012289 
0.759382 0.000002 0.000000 0.000000 0.240616 
0.940852 0.000005 0.000000 0.000000 0.059143 
0.573940 0.000015 0.000000 0.000000 0.426045 
0.943713 0.000006 0.000000 0.000000 0.056281 
0.964298 0.000000 0.000000 0.000000 0.035702 
0.852276 0.000003 0.000000 0.000000 0.147721 
0.859219 0.000000 0.000000 0.000000 0.140781 
0.945508 0.000009 0.000000 0.000000 0.054483 
0.900686 0.000205 0.000000 0.000000 0.099109 
0.789875 0.000000 0.000000 0.000000 0.210125 
0.242918 0.030569 0.000000 0.000000 0.726514 
0.785365 0.000000 0.000000 0.000000 0.214635 
0.892897 0.000027 0.000000 0.000000 0.107076 
0.795173 0.000003 0.000000 0.000000 0.204824 
0.882316 0.000027 0.000000 0.000000 0.117658 
0.763179 0.001229 0.000000 0.000000 0.235592 
0.748844 0.000006 0.000000 0.000000 0.251150 
0.996568 0.000000 0.000000 0.000000 0.003432 
0.921440 0.000007 0.000000 0.000000 0.078553 
0.972932 0.000029 0.000000 0.000000 0.027039 
0.991902 0.000067 0.000000 0.000000 0.008031 
0.870094 0.000056 0.000000 0.000000 0.129850 
0.938405 0.000006 0.000000 0.000000 0.061590 
0.869255 0.000291 0.000000 0.000000 0.130454 
0.842386 0.000000 0.000000 0.000000 0.157614 
0.977015 0.000042 0.000000 0.000000 0.022943 
0.883225 0.000007 0.000000 0.000000 0.116768 
0.955058 0.000318 0.000000 0.000000 0.044624 
0.934334 0.000052 0.000000 0.000000 0.065613 
0.964189 0.000000 0.000000 0.000000 0.035811 
0.967378 0.000074 0.000000 0.000000 0.032548 
0.673062 0.000016 0.000000 0.000000 0.326922 
0.996352 0.000000 0.000000 0.000000 0.003648 
0.943771 0.000005 0.000000 0.000000 0.056223 
0.988502 0.000003 0.000000 0.000000 0.011495 
0.266904 0.000001 0.000000 0.000000 0.733095 
0.916865 0.000013 0.000000 0.000000 0.083121 
0.979060 0.000722 0.000000 0.000000 0.020218 
0.919919 0.000016 0.000000 0.000000 0.080065 
0.946937 0.000001 0.000000 0.000000 0.053062 
0.693590 0.000945 0.000000 0.000000 0.305465 
0.964983 0.000000 0.000000 0.000000 0.035017 
0.910848 0.000022 0.000000 0.000000 0.089130 
0.692402 0.000158 0.000000 0.000000 0.307439 
0.704080 0.000001 0.000000 0.000000 0.295919 
0.337569 0.003117 0.000000 0.000000 0.659314 
0.959201 0.000007 0.000000 0.000000 0.040792 
0.964733 0.000000 0.000000 0.000000 0.035267 
0.044906 0.000575 0.000000 0.000000 0.954519 
0.985148 0.000001 0.000000 0.000000 0.014851 
0.992930 0.000004 0.000000 0.000000 0.007066 
0.717372 0.000000 0.000000 0.000000 0.282628 
0.731490 0.000006 0.000000 0.000000 0.268504 
0.984340 0.001680 0.000000 0.000000 0.013981 
0.249001 0.000001 0.000000 0.000000 0.750997 
0.910135 0.000009 0.000000 0.000000 0.089857 
0.990323 0.000299 0.000000 0.000000 0.009378 
0.973853 0.000002 0.000000 0.000000 0.026145 
0.892312 0.000007 0.000000 0.000000 0.107681 
0.940333 0.000027 0.000000 0.000000 0.059640 
0.979743 0.000005 0.000000 0.000000 0.020252 
0.915057 0.000000 0.000000 0.000000 0.084943 
0.905126 0.000119 0.000000 0.000000 0.094755 
0.891698 0.000004 0.000000 0.000000 0.108298 
0.931898 0.000016 0.000000 0.000000 0.068086 
0.857940 0.000002 0.000000 0.000000 0.142058 
0.885860 0.000000 0.000000 0.000000 0.114140 
0.166498 0.000217 0.000000 0.000000 0.833286 
0.038925 0.000001 0.000000 0.000000 0.961074 
0.855273 0.000002 0.000000 0.000000 0.144725 
0.957138 0.000441 0.000000 0.000000 0.042421 
0.918563 0.000009 0.000000 0.000000 0.081427 
0.924817 0.000009 0.000000 0.000000 0.075174 
0.964812 0.000015 0.000000 0.000000 0.035173 
0.948668 0.000769 0.000000 0.000000 0.050563 
0.519076 0.000753 0.000000 0.000000 0.480171 
0.991563 0.000000 0.000000 0.000000 0.008437 
0.917499 0.000081 0.000000 0.000000 0.082420 
0.765147 0.000000 0.000000 0.000000 0.234853 
0.998629 0.000005 0.000000 0.000000 0.001366 
0.901985 0.000006 0.000000 0.000000 0.098009 
0.428539 0.000006 0.000000 0.000000 0.571456 
0.523447 0.000007 0.000000 0.000000 0.476546 
0.875232 0.000009 0.000000 0.000000 0.124760 
0.910431 0.000026 0.000000 0.000000 0.089542 
0.894122 0.000000 0.000000 0.000000 0.105878 
0.995560 0.000000 0.000000 0.000000 0.004440 
0.994791 0.000001 0.000000 0.000000 0.005208 
0.973915 0.000002 0.000000 0.000000 0.026083 
0.996711 0.000005 0.000000 0.000000 0.003284 
0.896647 0.000010 0.000000 0.000000 0.103342 
0.817992 0.000418 0.000000 0.000000 0.181589 
0.043177 0.000007 0.000000 0.000000 0.956816 
0.998787 0.000002 0.000000 0.000000 0.001211 
0.890460 0.000039 0.000000 0.000000 0.109502 
0.909113 0.000005 0.000000 0.000000 0.090882 
0.904665 0.000007 0.000000 0.000000 0.095328 
0.995992 0.000172 0.000000 0.000000 0.003836 
0.722879 0.000086 0.000000 0.000000 0.277035 
0.905532 0.000000 0.000000 0.000000 0.094468 
0.771648 0.000354 0.000000 0.000000 0.227998 
0.883594 0.000009 0.000000 0.000000 0.116397 
0.881289 0.000044 0.000000 0.000000 0.118668 
0.871422 0.000014 0.000000 0.000000 0.128564 
0.567411 0.005317 0.000000 0.000000 0.427273 
0.867188 0.011278 0.000000 0.000000 0.121535 
0.916787 0.000012 0.000000 0.000000 0.083201 
0.997081 0.000000 0.000000 0.000000 0.002918 
0.954528 0.000065 0.000000 0.000000 0.045407 
0.131472 0.109515 0.000000 0.000001 0.759013 
0.939333 0.000000 0.000000 0.000000 0.060667 
0.909487 0.000053 0.000000 0.000000 0.090460 
0.556940 0.000072 0.000000 0.000000 0.442988 
0.650447 0.000006 0.000000 0.000000 0.349547 
0.385459 0.000054 0.000000 0.000000 0.614487 
0.906512 0.000000 0.000000 0.000000 0.093488 
0.976890 0.000013 0.000000 0.000000 0.023097 
0.873877 0.000010 0.000000 0.000000 0.126113 
0.948185 0.000051 0.000000 0.000000 0.051765 
0.856535 0.000031 0.000000 0.000000 0.143434 
0.474656 0.000332 0.000000 0.000000 0.525012 
0.977160 0.000002 0.000000 0.000000 0.022837 
0.996389 0.000000 0.000000 0.000000 0.003610 
0.892302 0.000014 0.000000 0.000000 0.107684 
0.840248 0.000010 0.000000 0.000000 0.159742 
0.916922 0.000000 0.000000 0.000000 0.083078 
0.973707 0.000032 0.000000 0.000000 0.026261 
0.877752 0.000634 0.000000 0.000000 0.121614 
0.972173 0.000001 0.000000 0.000000 0.027826 
0.886157 0.000001 0.000000 0.000000 0.113842 
0.029238 0.000070 0.000000 0.000000 0.970692 
0.861564 0.000016 0.000000 0.000000 0.138420 
0.950766 0.000000 0.000000 0.000000 0.049234 
0.972497 0.000052 0.000000 0.000000 0.027451 
0.840330 0.000000 0.000000 0.000000 0.159670 
0.992176 0.000002 0.000000 0.000000 0.007822 
0.900038 0.000004 0.000000 0.000000 0.099959 
0.897872 0.000007 0.000000 0.000000 0.102121 
0.893336 0.000021 0.000000 0.000000 0.106643 
0.837401 0.000045 0.000000 0.000000 0.162554 
0.861763 0.000033 0.000000 0.000000 0.138204 
0.966655 0.000007 0.000000 0.000000 0.033338 
0.241843 0.002048 0.000000 0.000000 0.756109 
0.955843 0.002154 0.000000 0.000000 0.042003 
0.998717 0.000002 0.000000 0.000000 0.001281 
0.983943 0.000001 0.000000 0.000000 0.016056 
0.932340 0.000041 0.000000 0.000000 0.067619 
0.935555 0.000005 0.000000 0.000000 0.064440 
0.000015 0.123388 0.000000 0.792387 0.084210 
0.000006 0.080054 0.000000 0.857241 0.062699 
0.000005 0.083326 0.000000 0.863278 0.053391 
0.000000 0.100259 0.000000 0.888359 0.011382 
0.000001 0.050866 0.000000 0.920488 0.028645 
0.000002 0.111562 0.000000 0.858698 0.029738 
0.000009 0.097710 0.000000 0.833204 0.069076 
0.000003 0.121027 0.000000 0.848030 0.030940 
0.000004 0.109980 0.000000 0.849491 0.040524 
0.000000 0.062561 0.000000 0.927046 0.010394 
0.000040 0.161005 0.000000 0.699518 0.139437 
0.000197 0.332176 0.000000 0.421133 0.246494 
0.000001 0.049689 0.000000 0.921983 0.028327 
0.000004 0.092639 0.000000 0.865203 0.042154 
0.000000 0.061891 0.000000 0.927178 0.010931 
0.000005 0.097307 0.000000 0.852049 0.050638 
0.000001 0.066470 0.000000 0.914408 0.019122 
0.000001 0.086773 0.000000 0.897103 0.016124 
0.000009 0.160299 0.000000 0.789181 0.050511 
0.006277 0.382371 0.000000 0.006717 0.604635 
0.000005 0.068802 0.000000 0.869388 0.061805 
0.000001 0.062316 0.000000 0.910036 0.027647 
0.000003 0.058532 0.000000 0.892689 0.048775 
0.000259 0.259489 0.000000 0.398333 0.341919 
0.004965 0.211531 0.000000 0.009721 0.773784 
0.000336 0.357974 0.000000 0.324255 0.317435 
0.000002 0.084625 0.000000 0.881907 0.033465 
0.000000 0.094740 0.000000 0.892180 0.013080 
0.000003 0.090125 0.000000 0.873330 0.036542 
0.000139 0.211301 0.000000 0.521451 0.267109 
0.000004 0.089202 0.000000 0.868774 0.042021 
0.000004 0.123881 0.000000 0.839559 0.036556 
0.000005 0.124273 0.000000 0.831656 0.044065 
0.000001 0.054896 0.000000 0.918096 0.027007 
0.000004 0.151922 0.000000 0.816570 0.031504 
0.001325 0.496696 0.000000 0.083623 0.418356 
0.001990 0.277920 0.000000 0.055119 0.664972 
0.000000 0.125551 0.000000 0.860564 0.013884 
0.000000 0.258273 0.000000 0.724779 0.016948 
0.000019 0.239605 0.000000 0.695250 0.065126 
0.000142 0.258631 0.000000 0.501985 0.239242 
0.000004 0.120393 0.000000 0.844675 0.034928 
0.000009 0.101856 0.000000 0.828522 0.069613 
0.000000 0.054592 0.000000 0.930548 0.014859 
0.000001 0.078219 0.000000 0.895548 0.026232 
0.000028 0.213656 0.000000 0.694525 0.091791 
0.000078 0.169059 0.000000 0.619198 0.211664 
0.000000 0.086233 0.000000 0.904120 0.009647 
0.000000 0.046271 0.000000 0.933068 0.020661 
0.000000 0.068427 0.000000 0.919677 0.011896 
0.000005 0.097301 0.000000 0.855547 0.047148 
0.000000 0.056029 0.000000 0.927108 0.016863 
0.000004 0.113893 0.000000 0.848676 0.037428 
0.000019 0.235670 0.000000 0.697357 0.066954 
0.000000 0.084200 0.000000 0.901596 0.014204 
0.000003 0.106359 0.000000 0.858917 0.034721 
0.000111 0.249135 0.000000 0.541451 0.209303 
0.000005 0.094521 0.000000 0.856852 0.048623 
0.000004 0.136540 0.000000 0.827301 0.036155 
0.000002 0.105754 0.000000 0.866558 0.027686 
0.000003 0.091140 0.000000 0.872437 0.036420 
0.000000 0.041584 0.000000 0.942662 0.015754 
0.000000 0.056919 0.000000 0.923860 0.019221 
0.000012 0.091931 0.000000 0.821995 0.086062 
0.000002 0.095305 0.000000 0.873359 0.031334 
0.000010 0.180908 0.000000 0.768362 0.050720 
0.000035 0.230918 0.000000 0.667748 0.101299 
0.000005 0.092507 0.000000 0.860666 0.046823 
0.000003 0.070914 0.000000 0.890262 0.038822 
0.000003 0.107720 0.000000 0.860068 0.032209 
0.000001 0.054634 0.000000 0.921616 0.023749 
0.000001 0.070588 0.000000 0.900698 0.028712 
0.004017 0.399497 0.000000 0.016245 0.580241 
0.000003 0.060586 0.000000 0.893541 0.045870 
0.046094 0.201540 0.000000 0.000035 0.752331 
0.000002 0.097963 0.000000 0.876740 0.025295 
0.000112 0.254958 0.000000 0.537679 0.207251 
0.000001 0.039892 0.000000 0.936460 0.023648 
0.000004 0.099188 0.000000 0.860690 0.040119 
0.000001 0.092326 0.000000 0.887841 0.019833 
0.000140 0.408917 0.000000 0.423986 0.166958 
0.000005 0.149671 0.000000 0.813986 0.036339 
0.000026 0.191930 0.000000 0.715097 0.092948 
0.000001 0.063766 0.000000 0.908839 0.027394 
0.000001 0.057895 0.000000 0.913607 0.028496 
0.000003 0.121157 0.000000 0.844784 0.034056 
0.000009 0.165879 0.000000 0.781690 0.052421 
0.000006 0.131198 0.000000 0.821056 0.047740 
0.000246 0.317326 0.000000 0.391754 0.290675 
0.000000 0.036465 0.000000 0.948295 0.015240 
0.000003 0.092507 0.000000 0.868592 0.038897 
0.000001 0.043482 0.000000 0.931216 0.025301 
0.000003 0.092439 0.000000 0.869902 0.037656 
0.000002 0.097929 0.000000 0.872427 0.029642 
0.000001 0.073042 0.000000 0.901604 0.025353 
0.000001 0.071778 0.000000 0.906297 0.021924 
0.000003 0.070415 0.000000 0.883028 0.046554 
0.000000 0.042033 0.000000 0.945953 0.012014 
0.000004 0.108585 0.000000 0.850402 0.041009 
0.000000 0.171680 0.000000 0.811091 0.017229 
0.000004 0.098330 0.000000 0.860828 0.040838 
0.000002 0.116578 0.000000 0.855764 0.027656 
0.000002 0.076048 0.000000 0.892819 0.031131 
0.000001 0.099702 0.000000 0.880601 0.019696 
0.000003 0.109541 0.000000 0.854482 0.035974 
0.000002 0.072948 0.000000 0.894867 0.032184 
0.000004 0.102438 0.000000 0.858030 0.039528 
0.000002 0.111666 0.000000 0.858634 0.029697 
0.000005 0.115467 0.000000 0.842096 0.042432 
0.000195 0.238959 0.000000 0.455230 0.305616 
0.000001 0.082701 0.000000 0.900724 0.016574 
0.000006 0.143739 0.000000 0.812177 0.044078 
0.000001 0.054571 0.000000 0.918266 0.027162 
0.000019 0.181134 0.000000 0.740128 0.078720 
0.000001 0.061811 0.000000 0.910267 0.027921 
0.000000 0.081246 0.000000 0.907194 0.011560 
0.000007 0.132156 0.000000 0.819665 0.048172 
0.000000 0.060564 0.000000 0.923953 0.015482 
0.000004 0.093241 0.000000 0.864363 0.042391 
0.000001 0.048185 0.000000 0.929301 0.022514 
0.000016 0.154382 0.000000 0.766883 0.078719 
0.000000 0.123528 0.000000 0.863389 0.013084 
0.000003 0.092692 0.000000 0.870524 0.036780 
0.000000 0.051751 0.000000 0.932160 0.016089 
0.000016 0.122172 0.000000 0.790091 0.087722 
0.000009 0.132146 0.000000 0.808056 0.059790 
0.000448 0.226393 0.000000 0.289142 0.484017 
0.000003 0.116440 0.000000 0.852857 0.030700 
0.000000 0.057497 0.000000 0.925631 0.016871 
0.000000 0.080418 0.000000 0.906934 0.012647 
0.000055 0.192196 0.000000 0.653315 0.154435 
0.000001 0.054203 0.000000 0.915863 0.029933 
0.000003 0.088054 0.000000 0.872807 0.039135 
0.000006 0.094299 0.000000 0.851073 0.054623 
0.000005 0.105265 0.000000 0.847112 0.047618 
0.000001 0.040794 0.000000 0.934751 0.024454 
0.000003 0.101901 0.000000 0.865028 0.033068 
0.000003 0.096243 0.000000 0.865865 0.037889 
0.000000 0.069612 0.000000 0.917596 0.012792 
0.000002 0.105521 0.000000 0.863554 0.030922 
0.000012 0.109943 0.000000 0.813079 0.076966 
0.000110 0.187085 0.000000 0.564428 0.248377 
0.000003 0.088759 0.000000 0.876390 0.034849 
0.000003 0.085016 0.000000 0.878449 0.036533 
0.000163 0.249393 0.000000 0.483417 0.267027 
0.000004 0.116381 0.000000 0.844078 0.039537 
0.000036 0.144146 0.000000 0.715960 0.139858 
0.000009 0.119424 0.000000 0.820103 0.060465 
0.000063 0.173292 0.000000 0.645534 0.181111 
0.000000 0.048886 0.000000 0.933504 0.017610 
0.000009 0.144519 0.000000 0.800592 0.054881 
0.000000 0.053450 0.000000 0.930287 0.016262 
0.000000 0.052739 0.000000 0.936425 0.010836 
0.000007 0.074050 0.000000 0.857187 0.068756 
0.000002 0.111638 0.000000 0.863312 0.025049 
0.000001 0.043626 0.000000 0.930987 0.025387 
0.000049 0.238303 0.000000 0.637300 0.124349 
0.000000 0.252028 0.000000 0.725350 0.022622 
0.000007 0.082601 0.000000 0.853126 0.064266 
0.000004 0.095047 0.000000 0.859136 0.045812 
0.000002 0.079054 0.000000 0.885509 0.035434 
0.000014 0.100388 0.000000 0.809590 0.090009 
0.000003 0.090303 0.000000 0.870701 0.038993 
0.000002 0.119840 0.000000 0.857966 0.022192 
0.000003 0.085759 0.000000 0.876756 0.037482 
0.000037 0.208405 0.000000 0.679409 0.112150 
0.000006 0.131063 0.000000 0.822411 0.046520 
0.000020 0.190908 0.000000 0.731049 0.078023 
0.000015 0.213446 0.000000 0.725437 0.061102 
0.000009 0.176214 0.000000 0.774306 0.049471 
0.000003 0.144988 0.000000 0.828548 0.026461 
0.000003 0.097559 0.000000 0.865239 0.037199 
0.000004 0.059511 0.000000 0.888319 0.052166 
0.000041 0.167855 0.000000 0.694143 0.137962 
0.000006 0.146031 0.000000 0.810418 0.043544 
0.000003 0.091171 0.000000 0.872996 0.035830 
0.000001 0.102162 0.000000 0.879835 0.018002 
0.000001 0.088903 0.000000 0.891387 0.019710 
0.000001 0.077559 0.000000 0.902193 0.020247 
0.000000 0.046911 0.000000 0.940584 0.012506 
0.000000 0.098725 0.000000 0.892567 0.008709 
0.000003 0.082414 0.000000 0.878785 0.038798 
0.000005 0.080555 0.000000 0.867552 0.051888 
0.000750 0.523858 0.000000 0.146160 0.329232 
0.000005 0.093377 0.000000 0.855303 0.051315 
0.003301 0.256990 0.000000 0.023010 0.716699 
0.000023 0.111527 0.000000 0.770831 0.117619 
0.000000 0.038506 0.000000 0.941690 0.019804 
0.000017 0.220507 0.000000 0.716088 0.063388 
0.000021 0.142264 0.000000 0.758576 0.099139 
0.000001 0.052664 0.000000 0.916402 0.030933 
0.000001 0.069472 0.000000 0.907901 0.022626 
0.000003 0.084971 0.000000 0.873943 0.041083 
0.000561 0.330882 0.000000 0.238064 0.430493 
0.000003 0.089470 0.000000 0.874180 0.036348 
0.000001 0.109019 0.000000 0.873962 0.017018 
0.000002 0.091385 0.000000 0.881941 0.026673 
0.000004 0.068276 0.000000 0.880219 0.051501 
0.000005 0.079945 0.000000 0.868170 0.051881 
0.000098 0.287178 0.000000 0.537926 0.174798 
0.000005 0.086741 0.000000 0.864779 0.048476 
0.000001 0.058132 0.000000 0.916391 0.025476 
0.000005 0.123388 0.000000 0.836336 0.040272 
0.000023 0.111440 0.000000 0.768429 0.120107 
0.000012 0.198155 0.000000 0.745722 0.056111 
0.000011 0.092155 0.000000 0.825020 0.082814 
0.000380 0.504212 0.000000 0.246381 0.249027 
0.000001 0.071200 0.000000 0.903533 0.025266 
0.000006 0.131351 0.000000 0.824517 0.044126 
0.000005 0.111990 0.000000 0.844264 0.043742 
0.000569 0.412338 0.000000 0.218082 0.369011 
0.003785 0.487323 0.000000 0.016279 0.492614 
0.000000 0.100422 0.000000 0.890511 0.009067 
0.001472 0.369791 0.000000 0.084774 0.543964 
0.000001 0.104865 0.000000 0.875128 0.020006 
0.000001 0.085222 0.000000 0.891331 0.023446 
0.000004 0.140347 0.000000 0.824914 0.034735 
0.000001 0.056762 0.000000 0.915736 0.027501 
0.000002 0.065879 0.000000 0.898074 0.036045 
0.000000 0.355803 0.000000 0.617156 0.027041 
0.000001 0.085976 0.000000 0.890738 0.023285 
0.000001 0.074818 0.000000 0.905054 0.020128 
0.000000 0.069965 0.000000 0.919120 0.010914 
0.000003 0.104466 0.000000 0.859398 0.036133 
0.000004 0.105915 0.000000 0.854932 0.039149 
0.000004 0.089329 0.000000 0.866334 0.044333 
0.000004 0.071630 0.000000 0.879763 0.048604 
0.000006 0.103298 0.000000 0.846958 0.049739 
0.000003 0.089093 0.000000 0.875701 0.035204 
0.000002 0.093094 0.000000 0.879164 0.027740 
0.000002 0.113489 0.000000 0.863082 0.023427 
0.000001 0.043698 0.000000 0.931023 0.025278 
0.000005 0.106495 0.000000 0.850054 0.043446 
0.000025 0.168152 0.000000 0.733035 0.098788 
0.000059 0.209014 0.000000 0.637206 0.153722 
0.000003 0.093747 0.000000 0.869180 0.037070 
0.000002 0.049287 0.000000 0.915443 0.035269 
0.000003 0.110170 0.000000 0.855730 0.034098 
0.000000 0.145193 0.000000 0.839250 0.015558 
0.000002 0.055161 0.000000 0.903648 0.041188 
0.000007 0.143718 0.000000 0.806628 0.049647 
0.000004 0.073885 0.000000 0.880139 0.045972 
0.000002 0.082198 0.000000 0.882972 0.034828 
0.000034 0.235715 0.000000 0.666712 0.097539 
0.000004 0.107212 0.000000 0.854149 0.038635 
0.000007 0.138513 0.000000 0.811845 0.049635 
0.000001 0.047736 0.000000 0.926678 0.025585 
0.000003 0.094195 0.000000 0.868352 0.037450 
0.000013 0.126691 0.000000 0.798035 0.075261 
0.000003 0.094875 0.000000 0.871557 0.033565 
0.000001 0.063879 0.000000 0.914980 0.021140 
0.000003 0.058470 0.000000 0.898792 0.042735 
0.000001 0.053720 0.000000 0.912969 0.033309 
