0.239758 0.265492 0.249663 0.245087 
0.239393 0.266155 0.249593 0.244859 
0.239558 0.265888 0.249611 0.244944 
0.235487 0.271665 0.248324 0.244525 
0.241360 0.263137 0.250180 0.245323 
0.239701 0.265695 0.249663 0.244941 
0.225178 0.286667 0.245112 0.243043 
0.246589 0.255672 0.251674 0.246066 
0.241727 0.262525 0.250339 0.245408 
0.241818 0.262522 0.250301 0.245360 
0.243472 0.260127 0.250818 0.245583 
0.235042 0.272409 0.248302 0.244247 
0.238535 0.267212 0.249285 0.244968 
0.230887 0.278395 0.247047 0.243670 
0.241177 0.263364 0.250139 0.245320 
0.237273 0.269114 0.248894 0.244719 
0.236672 0.270060 0.248780 0.244487 
0.240450 0.264523 0.249870 0.245157 
0.229403 0.280432 0.246304 0.243861 
0.238237 0.267805 0.249238 0.244720 
0.237292 0.269080 0.248898 0.244730 
0.241196 0.263298 0.250164 0.245342 
0.225639 0.285971 0.245105 0.243285 
0.234865 0.272639 0.248194 0.244302 
0.238873 0.266889 0.249423 0.244815 
0.241059 0.263624 0.250063 0.245254 
0.231248 0.277795 0.246959 0.243997 
0.246910 0.255185 0.251848 0.246056 
0.241506 0.262894 0.250242 0.245358 
0.228631 0.281572 0.246062 0.243734 
0.239093 0.266557 0.249473 0.244877 
0.234422 0.273196 0.247982 0.244400 
0.237708 0.268354 0.249028 0.244910 
0.239582 0.265628 0.249640 0.245151 
0.241383 0.262824 0.250328 0.245465 
0.245453 0.257229 0.251484 0.245835 
0.240224 0.264830 0.249805 0.245141 
0.245571 0.257089 0.251484 0.245856 
0.224431 0.287697 0.245198 0.242675 
0.236515 0.270251 0.248687 0.244547 
0.226574 0.284634 0.245640 0.243152 
0.244096 0.259180 0.251055 0.245669 
0.242228 0.262006 0.250388 0.245378 
0.235991 0.271068 0.248707 0.244234 
0.222015 0.291232 0.243680 0.243074 
0.236005 0.270964 0.248511 0.244520 
0.240874 0.264038 0.250240 0.244848 
0.231908 0.276878 0.247220 0.243995 
0.237375 0.269060 0.249011 0.244554 
0.232887 0.275422 0.247492 0.244198 
0.237684 0.268640 0.249256 0.244421 
0.243339 0.260310 0.250785 0.245567 
0.239833 0.265535 0.249752 0.244880 
0.231512 0.277303 0.246981 0.244204 
0.243971 0.259489 0.250887 0.245654 
0.252160 0.247600 0.253459 0.246780 
0.231607 0.277361 0.247353 0.243679 
0.232875 0.275535 0.247836 0.243754 
0.241468 0.263049 0.250183 0.245300 
0.242362 0.261856 0.250419 0.245362 
0.243744 0.259684 0.250946 0.245627 
0.238517 0.267431 0.249381 0.244671 
0.248543 0.252815 0.252402 0.246241 
0.238115 0.268018 0.249314 0.244554 
0.235425 0.271873 0.248469 0.244233 
0.233339 0.274871 0.247845 0.243946 
0.242372 0.261735 0.250464 0.245428 
0.231144 0.277876 0.246874 0.244107 
0.235779 0.271241 0.248416 0.244565 
0.244102 0.259277 0.250950 0.245670 
0.233189 0.275007 0.247608 0.244196 
0.226610 0.284515 0.245362 0.243513 
0.238306 0.267664 0.249224 0.244806 
0.235424 0.271741 0.248299 0.244537 
0.241258 0.263434 0.250103 0.245205 
0.241331 0.263348 0.250131 0.245190 
0.234809 0.272499 0.248080 0.244611 
0.239811 0.265178 0.249760 0.245251 
0.236207 0.270715 0.248616 0.244461 
0.247788 0.253712 0.252431 0.246070 
0.234726 0.272734 0.248070 0.244470 
0.219572 0.294901 0.243017 0.242509 
0.241202 0.263538 0.250098 0.245162 
0.235975 0.270903 0.248467 0.244654 
0.233791 0.274013 0.247747 0.244450 
0.249575 0.251329 0.252726 0.246370 
0.237121 0.269447 0.249042 0.244390 
0.239290 0.266301 0.249562 0.244847 
0.235521 0.271663 0.248362 0.244454 
0.237379 0.269052 0.249007 0.244562 
0.226506 0.284660 0.245318 0.243516 
0.232285 0.276375 0.247443 0.243897 
0.242807 0.261144 0.250573 0.245477 
0.249010 0.252146 0.252531 0.246313 
0.232004 0.276690 0.247197 0.244109 
0.251332 0.248765 0.253114 0.246789 
0.224118 0.288134 0.244442 0.243306 
0.228205 0.281904 0.245788 0.244103 
0.233738 0.274299 0.248079 0.243885 
0.237970 0.268116 0.249110 0.244804 
0.243052 0.260659 0.250741 0.245548 
0.241381 0.263276 0.250145 0.245199 
0.234160 0.273678 0.248031 0.244131 
0.227715 0.282957 0.245850 0.243478 
0.242841 0.261104 0.250577 0.245478 
0.226842 0.284231 0.245869 0.243059 
0.241132 0.263544 0.250077 0.245247 
0.241250 0.263182 0.250200 0.245368 
0.242138 0.261986 0.250442 0.245434 
0.250339 0.250171 0.252727 0.246763 
0.242524 0.261635 0.250641 0.245200 
0.243764 0.259566 0.251020 0.245650 
0.231727 0.277048 0.247077 0.244148 
0.242512 0.261563 0.250489 0.245436 
0.235736 0.271354 0.248430 0.244480 
0.245742 0.256879 0.251287 0.246092 
0.242105 0.262118 0.250384 0.245394 
0.237100 0.269343 0.248834 0.244722 
0.235501 0.271720 0.248384 0.244395 
0.235609 0.271554 0.248407 0.244429 
0.234971 0.272488 0.248228 0.244314 
0.235165 0.272166 0.248244 0.244425 
0.238640 0.267066 0.249318 0.244976 
0.235380 0.271865 0.248318 0.244436 
0.223806 0.288531 0.244266 0.243398 
0.233402 0.274674 0.247656 0.244268 
0.242900 0.260992 0.250613 0.245495 
0.241315 0.263303 0.250125 0.245257 
0.235503 0.271767 0.248634 0.244096 
0.249826 0.250817 0.252434 0.246923 
0.237445 0.268570 0.248977 0.245008 
0.232121 0.276412 0.247185 0.244283 
0.237015 0.269430 0.248802 0.244754 
0.240692 0.264130 0.249958 0.245220 
0.232682 0.275744 0.247449 0.244126 
0.235055 0.271983 0.248178 0.244784 
0.228604 0.281687 0.246414 0.243295 
0.234643 0.272709 0.248025 0.244623 
0.238253 0.267504 0.249219 0.245024 
0.244647 0.258431 0.251183 0.245738 
0.238298 0.267751 0.249344 0.244607 
0.234398 0.272902 0.247958 0.244741 
0.235043 0.272315 0.248188 0.244455 
0.234511 0.273186 0.248374 0.243929 
0.238638 0.267149 0.249315 0.244898 
0.224017 0.288348 0.244551 0.243084 
0.235165 0.272241 0.248371 0.244223 
0.238438 0.267363 0.249253 0.244945 
0.236404 0.270389 0.248635 0.244573 
0.243714 0.259804 0.250870 0.245612 
0.260424 0.234554 0.255591 0.249432 
0.263678 0.229704 0.256681 0.249937 
0.256397 0.240448 0.254217 0.248938 
0.253267 0.245694 0.253470 0.247568 
0.265533 0.228574 0.257717 0.248177 
0.267471 0.225407 0.258172 0.248950 
0.254843 0.243455 0.254025 0.247677 
0.263674 0.230185 0.256766 0.249375 
0.253235 0.245288 0.253217 0.248261 
0.265104 0.228150 0.257249 0.249497 
0.258906 0.237340 0.255252 0.248503 
0.272150 0.219575 0.259869 0.248406 
0.257248 0.239658 0.254663 0.248431 
0.272873 0.217997 0.259938 0.249192 
0.262215 0.232490 0.256330 0.248965 
0.259957 0.235752 0.255577 0.248714 
0.267106 0.225748 0.258008 0.249138 
0.268951 0.223307 0.258646 0.249096 
0.262886 0.232368 0.256927 0.247819 
0.261621 0.233262 0.256107 0.249010 
0.268080 0.224105 0.258274 0.249540 
0.265927 0.226347 0.257436 0.250290 
0.267342 0.225659 0.258150 0.248849 
0.262611 0.232101 0.256516 0.248771 
0.265248 0.227606 0.257240 0.249906 
0.262896 0.230192 0.256332 0.250580 
0.259333 0.236523 0.255324 0.248821 
0.260359 0.235817 0.256028 0.247795 
0.257497 0.239178 0.254702 0.248623 
0.255064 0.242810 0.253919 0.248207 
0.266821 0.226186 0.257924 0.249069 
0.261555 0.233501 0.256129 0.248814 
0.262089 0.231712 0.256090 0.250109 
0.268746 0.222343 0.258401 0.250510 
0.256489 0.241127 0.254603 0.247781 
0.257691 0.239759 0.255357 0.247193 
0.266266 0.226074 0.257576 0.250084 
0.254760 0.243843 0.254256 0.247141 
0.267214 0.224371 0.257866 0.250550 
0.271927 0.217683 0.259471 0.250918 
0.256475 0.240124 0.254185 0.249216 
0.266188 0.227590 0.257892 0.248330 
0.265768 0.226340 0.257360 0.250532 
0.268972 0.223222 0.258641 0.249165 
0.267821 0.224073 0.258129 0.249977 
0.262026 0.231781 0.256066 0.250127 
0.256803 0.239641 0.254297 0.249259 
0.251823 0.247285 0.252712 0.248179 
0.260627 0.234838 0.255820 0.248716 
0.258973 0.236589 0.255075 0.249363 
0.259751 0.236589 0.255765 0.247895 
0.258468 0.237584 0.254972 0.248976 
0.258618 0.238265 0.255441 0.247676 
0.264195 0.230271 0.257198 0.248336 
0.263638 0.230925 0.256959 0.248478 
0.260006 0.236301 0.255899 0.247794 
0.255601 0.241886 0.254040 0.248473 
0.257620 0.239196 0.254821 0.248363 
0.262627 0.231393 0.256350 0.249631 
0.259334 0.236620 0.255358 0.248688 
0.255399 0.242794 0.254318 0.247489 
0.268029 0.224816 0.258408 0.248747 
0.268582 0.224034 0.258583 0.248801 
0.258871 0.237309 0.255209 0.248612 
0.260508 0.235329 0.255911 0.248252 
0.258643 0.236304 0.254820 0.250232 
0.266918 0.225854 0.257910 0.249318 
0.263418 0.231018 0.256806 0.248758 
0.255877 0.240770 0.253919 0.249434 
0.262243 0.231845 0.256200 0.249713 
0.263511 0.230048 0.256640 0.249801 
0.268504 0.224322 0.258618 0.248556 
0.264560 0.228347 0.256972 0.250120 
0.253360 0.245561 0.253502 0.247576 
0.261167 0.233669 0.255889 0.249276 
0.262806 0.231816 0.256579 0.248798 
0.260892 0.234597 0.255959 0.248551 
0.257221 0.239931 0.254763 0.248085 
0.266058 0.226721 0.257557 0.249664 
0.253327 0.245745 0.253598 0.247330 
0.265485 0.227334 0.257330 0.249851 
0.258489 0.238051 0.255160 0.248300 
0.264565 0.229183 0.257128 0.249124 
0.284421 0.201980 0.263535 0.250064 
0.261446 0.234082 0.256264 0.248208 
0.266710 0.226953 0.258103 0.248234 
0.268529 0.223345 0.258403 0.249723 
0.269804 0.220872 0.258761 0.250562 
0.266968 0.225771 0.257924 0.249337 
0.258051 0.237511 0.254666 0.249772 
0.262815 0.231399 0.256472 0.249314 
0.265565 0.226471 0.257276 0.250688 
0.249666 0.250896 0.252256 0.247182 
0.257272 0.239229 0.254534 0.248966 
0.253628 0.244295 0.253199 0.248878 
0.260462 0.232770 0.255395 0.251373 
0.271624 0.218542 0.259388 0.250445 
0.265542 0.227393 0.257372 0.249692 
0.267635 0.225130 0.258212 0.249023 
0.255036 0.243243 0.254137 0.247585 
0.259727 0.235913 0.255445 0.248915 
0.259522 0.236652 0.255543 0.248284 
0.268707 0.223519 0.258537 0.249237 
0.260944 0.234158 0.255857 0.249041 
0.264715 0.227912 0.257001 0.250371 
0.264229 0.229870 0.257075 0.248826 
0.258688 0.237442 0.255102 0.248768 
0.259322 0.236617 0.255346 0.248715 
0.267561 0.225134 0.258164 0.249141 
0.277143 0.211957 0.261269 0.249631 
0.278634 0.210241 0.261771 0.249354 
0.258096 0.238252 0.254885 0.248767 
0.261853 0.232448 0.256073 0.249626 
0.265121 0.226315 0.257083 0.251481 
0.262784 0.232267 0.256742 0.248206 
0.258659 0.237708 0.255174 0.248458 
0.273974 0.215350 0.260174 0.250502 
0.274889 0.215139 0.260566 0.249407 
0.258820 0.236185 0.254903 0.250091 
0.260922 0.234373 0.255904 0.248802 
0.253703 0.243787 0.253115 0.249395 
0.257284 0.238107 0.254308 0.250300 
0.264241 0.229013 0.256892 0.249855 
0.259007 0.236669 0.255119 0.249204 
0.265818 0.227799 0.257653 0.248731 
0.267815 0.224942 0.258288 0.248955 
0.260956 0.233619 0.255741 0.249684 
0.259053 0.236889 0.255217 0.248842 
0.261634 0.233304 0.256129 0.248933 
0.267328 0.225282 0.258047 0.249342 
0.262788 0.231708 0.256533 0.248971 
0.259573 0.235513 0.255240 0.249674 
0.247787 0.253756 0.251760 0.246697 
0.268392 0.223069 0.258299 0.250240 
0.256438 0.240465 0.254255 0.248842 
0.258157 0.238464 0.255019 0.248359 
0.263473 0.230835 0.256792 0.248900 
0.268370 0.224521 0.258579 0.248530 
0.272711 0.217855 0.259827 0.249607 
0.265251 0.227796 0.257272 0.249681 
0.260580 0.235080 0.255870 0.248470 
0.265700 0.228032 0.257638 0.248630 
0.262126 0.232393 0.256240 0.249242 
0.253512 0.244579 0.253196 0.248712 
0.277576 0.209914 0.261358 0.251153 
0.263685 0.229696 0.256684 0.249934 
0.272121 0.218830 0.259660 0.249389 
0.255795 0.242100 0.254354 0.247751 
0.256229 0.240811 0.254196 0.248764 
0.262752 0.230236 0.256267 0.250744 
0.248008 0.252919 0.252868 0.246204 
0.242528 0.260560 0.251031 0.245881 
0.283308 0.205917 0.263941 0.246835 
0.246730 0.254080 0.252769 0.246422 
0.234216 0.271861 0.248263 0.245660 
0.248544 0.251914 0.253204 0.246338 
0.243259 0.259107 0.251479 0.246154 
0.254621 0.242980 0.255579 0.246820 
0.247825 0.253220 0.252779 0.246177 
0.251866 0.247132 0.254435 0.246567 
0.245249 0.256913 0.251863 0.245975 
0.253612 0.244381 0.255226 0.246781 
0.242232 0.260484 0.251148 0.246136 
0.248551 0.251589 0.253376 0.246483 
0.262365 0.232221 0.258334 0.247080 
0.244963 0.256583 0.252136 0.246317 
0.249887 0.250538 0.253317 0.246258 
0.241003 0.262467 0.250609 0.245921 
0.255876 0.241601 0.255798 0.246725 
0.271772 0.220415 0.260920 0.246894 
0.255101 0.243155 0.255157 0.246587 
0.255278 0.242751 0.255358 0.246613 
0.251426 0.247818 0.254239 0.246517 
0.248584 0.252037 0.253112 0.246268 
0.241281 0.261306 0.251020 0.246394 
0.242758 0.260099 0.251175 0.245968 
0.277898 0.212616 0.262712 0.246775 
0.246606 0.255183 0.252204 0.246007 
0.262046 0.233699 0.257346 0.246908 
0.232090 0.275688 0.247260 0.244963 
0.253880 0.244365 0.255111 0.246645 
0.267330 0.226266 0.259488 0.246915 
0.251569 0.248053 0.253988 0.246390 
0.252305 0.246481 0.254610 0.246603 
0.245421 0.255543 0.252476 0.246560 
0.269344 0.223686 0.260053 0.246917 
0.250390 0.249426 0.253782 0.246402 
0.265749 0.228593 0.258729 0.246928 
0.240536 0.262584 0.250663 0.246217 
0.237836 0.267487 0.249289 0.245388 
0.255344 0.242225 0.255686 0.246745 
0.261197 0.234130 0.257737 0.246936 
0.249887 0.249673 0.253869 0.246572 
0.268269 0.225125 0.259686 0.246920 
0.276129 0.215023 0.261892 0.246956 
0.233502 0.273696 0.247757 0.245044 
0.233192 0.273668 0.247781 0.245358 
0.250365 0.249815 0.253521 0.246300 
0.267489 0.225959 0.259626 0.246926 
0.253349 0.245372 0.254745 0.246534 
0.244432 0.256983 0.252102 0.246483 
0.262463 0.232813 0.257863 0.246860 
0.260277 0.235793 0.257123 0.246808 
0.249475 0.250408 0.253639 0.246477 
0.251507 0.247315 0.254487 0.246691 
0.257971 0.239087 0.256223 0.246719 
0.259282 0.237354 0.256595 0.246769 
0.269224 0.224081 0.259555 0.247140 
0.262717 0.232836 0.257446 0.247001 
0.269861 0.223221 0.259853 0.247064 
0.248897 0.251287 0.253400 0.246416 
0.260494 0.235682 0.257016 0.246808 
0.255409 0.242629 0.255352 0.246609 
0.266005 0.228231 0.258840 0.246925 
0.245650 0.255855 0.252264 0.246231 
0.244227 0.257508 0.251926 0.246338 
0.268056 0.225576 0.259377 0.246991 
0.238957 0.265213 0.249944 0.245886 
0.240875 0.262763 0.250516 0.245847 
0.252194 0.246531 0.254632 0.246643 
0.245680 0.255729 0.252315 0.246275 
0.259426 0.237164 0.256635 0.246775 
0.258465 0.238271 0.256511 0.246753 
0.267569 0.226237 0.259193 0.247001 
0.255141 0.242990 0.255271 0.246598 
0.229850 0.278356 0.246577 0.245217 
0.250151 0.249848 0.253643 0.246358 
0.236150 0.269968 0.248675 0.245207 
0.227356 0.281804 0.245672 0.245168 
0.250530 0.248111 0.254419 0.246940 
0.244980 0.257342 0.251744 0.245935 
0.229267 0.279247 0.246346 0.245140 
0.238866 0.265351 0.249909 0.245875 
0.237014 0.268192 0.249169 0.245626 
0.241424 0.261291 0.250997 0.246288 
0.254347 0.243929 0.255127 0.246596 
0.250399 0.249150 0.253942 0.246509 
0.269447 0.223688 0.259905 0.246960 
0.239738 0.264436 0.250091 0.245736 
0.281592 0.207844 0.263949 0.246614 
0.251311 0.248041 0.254161 0.246488 
0.254264 0.244226 0.254958 0.246553 
0.267958 0.225441 0.259684 0.246916 
0.234913 0.270377 0.248679 0.246032 
0.272078 0.219970 0.261061 0.246891 
0.260226 0.235321 0.257489 0.246964 
0.241983 0.261228 0.250889 0.245900 
0.253646 0.244467 0.255163 0.246724 
0.259140 0.237615 0.256469 0.246775 
0.250835 0.249128 0.253701 0.246335 
0.251797 0.247098 0.254486 0.246619 
0.266210 0.227528 0.259312 0.246950 
0.234090 0.271743 0.248311 0.245856 
0.248475 0.251874 0.253256 0.246396 
0.265441 0.229070 0.258530 0.246958 
0.237075 0.267915 0.249259 0.245752 
0.255147 0.243103 0.255161 0.246589 
0.250224 0.249710 0.253692 0.246375 
0.260962 0.235265 0.256682 0.247091 
0.243220 0.259492 0.251314 0.245974 
0.244159 0.257822 0.251804 0.246215 
0.231684 0.276283 0.247110 0.244923 
0.255426 0.242749 0.255219 0.246605 
0.251960 0.247584 0.254053 0.246403 
0.263481 0.231527 0.258118 0.246874 
0.274586 0.216713 0.261856 0.246846 
0.251605 0.247355 0.254425 0.246615 
0.256781 0.240299 0.256144 0.246775 
0.247199 0.253465 0.252912 0.246424 
0.256727 0.240227 0.256218 0.246827 
0.247661 0.253671 0.252573 0.246095 
0.266840 0.226958 0.259289 0.246912 
0.233857 0.273421 0.247823 0.244899 
0.256401 0.240460 0.256232 0.246907 
0.261764 0.233269 0.257988 0.246978 
0.256003 0.241709 0.255636 0.246652 
0.251771 0.247455 0.254284 0.246491 
0.264152 0.230822 0.258080 0.246946 
0.235565 0.270123 0.248693 0.245619 
0.243452 0.259512 0.251219 0.245817 
0.258245 0.238497 0.256497 0.246762 
0.256730 0.240509 0.256032 0.246728 
0.252781 0.245971 0.254681 0.246567 
0.240533 0.263432 0.250317 0.245718 
0.254713 0.243205 0.255401 0.246681 
0.244768 0.256681 0.252147 0.246403 
0.265589 0.228591 0.258915 0.246905 
0.248090 0.252183 0.253241 0.246486 
0.246253 0.254632 0.252656 0.246459 
0.244766 0.257401 0.251804 0.246029 
0.266447 0.227675 0.258935 0.246943 
0.240817 0.262454 0.250658 0.246072 
0.249172 0.251044 0.253415 0.246369 
0.247494 0.253410 0.252828 0.246268 
0.230327 0.277198 0.246885 0.245590 
0.266728 0.226879 0.259451 0.246942 
0.239112 0.264785 0.250079 0.246024 
0.272963 0.218919 0.261238 0.246880 
0.261626 0.233816 0.257692 0.246866 
0.256193 0.240831 0.256112 0.246864 
0.286325 0.202151 0.264767 0.246757 
0.306072 0.178619 0.269894 0.245415 
0.305989 0.178221 0.269708 0.246082 
0.302770 0.182616 0.269338 0.245276 
0.309308 0.174280 0.270489 0.245923 
0.325475 0.157214 0.274122 0.243188 
0.284285 0.204517 0.263951 0.247248 
0.271963 0.220406 0.260658 0.246973 
0.299936 0.185482 0.268249 0.246333 
0.303280 0.181946 0.269311 0.245463 
0.306918 0.177418 0.270001 0.245663 
0.314523 0.169300 0.271921 0.244256 
0.286526 0.201885 0.265147 0.246442 
0.289184 0.197470 0.265060 0.248286 
0.295894 0.189979 0.267081 0.247046 
0.308548 0.176081 0.270747 0.244623 
0.297398 0.188523 0.267606 0.246473 
0.294021 0.192704 0.266806 0.246468 
0.323842 0.159004 0.273805 0.243349 
0.287254 0.201030 0.265132 0.246584 
0.321265 0.162248 0.273504 0.242983 
0.271693 0.220715 0.260653 0.246938 
0.319851 0.163379 0.273011 0.243759 
0.301304 0.184219 0.268811 0.245666 
0.315358 0.168363 0.272092 0.244188 
0.298968 0.187016 0.268397 0.245620 
0.305592 0.178723 0.269620 0.246065 
0.306886 0.177686 0.270086 0.245343 
0.296346 0.190077 0.267635 0.245942 
0.295530 0.190949 0.267257 0.246264 
0.279207 0.211067 0.262600 0.247126 
0.284928 0.203837 0.264726 0.246508 
0.307029 0.177389 0.270061 0.245522 
0.300454 0.185122 0.268517 0.245906 
0.286775 0.201150 0.264533 0.247542 
0.329317 0.152785 0.274842 0.243057 
0.311169 0.173058 0.271207 0.244566 
0.313498 0.170440 0.271701 0.244361 
0.275415 0.215940 0.261683 0.246961 
0.297094 0.188529 0.267399 0.246978 
0.298540 0.187499 0.268426 0.245535 
0.295817 0.190713 0.267550 0.245920 
0.287800 0.200306 0.265549 0.246345 
0.291780 0.195482 0.266293 0.246446 
0.309284 0.174769 0.270578 0.245368 
0.279154 0.211161 0.262733 0.246951 
0.298115 0.187408 0.267696 0.246782 
0.325562 0.157617 0.274272 0.242549 
0.315163 0.167840 0.271867 0.245131 
0.293054 0.193999 0.266795 0.246152 
0.277005 0.213868 0.261874 0.247253 
0.290181 0.197460 0.266017 0.246341 
0.310386 0.173704 0.270897 0.245013 
0.301123 0.184253 0.268629 0.245995 
0.291381 0.195746 0.265974 0.246899 
0.298310 0.187712 0.268047 0.245931 
0.313623 0.170407 0.271810 0.244160 
0.292991 0.194050 0.266677 0.246282 
0.277679 0.212993 0.262485 0.246844 
0.293594 0.193315 0.266813 0.246278 
0.283871 0.205153 0.263957 0.247018 
0.298742 0.186807 0.267907 0.246544 
0.318770 0.164911 0.273004 0.243316 
0.305019 0.179933 0.269716 0.245333 
0.297295 0.188901 0.267774 0.246030 
0.317459 0.165993 0.272513 0.244036 
0.300670 0.184188 0.268319 0.246824 
0.284448 0.204498 0.264380 0.246674 
0.279828 0.210177 0.262640 0.247355 
0.285433 0.202853 0.264154 0.247560 
0.300363 0.184290 0.268197 0.247149 
0.304823 0.179768 0.269473 0.245936 
0.306607 0.177680 0.269899 0.245814 
0.331067 0.152040 0.275347 0.241546 
0.302183 0.183063 0.269705 0.245050 
0.293623 0.192913 0.266533 0.246932 
0.306731 0.178051 0.270194 0.245023 
0.311234 0.172135 0.270951 0.245680 
0.287150 0.201114 0.265338 0.246398 
0.306331 0.178460 0.270052 0.245156 
0.297462 0.188643 0.267752 0.246142 
0.296845 0.189432 0.267657 0.246066 
0.306012 0.178832 0.269984 0.245172 
0.292790 0.194173 0.266461 0.246575 
0.303795 0.180604 0.269132 0.246469 
0.294149 0.192211 0.266650 0.246989 
0.308268 0.176408 0.270779 0.244545 
0.305397 0.179379 0.269725 0.245499 
0.298768 0.187249 0.268395 0.245588 
0.298020 0.187872 0.267815 0.246293 
0.289231 0.198585 0.265601 0.246583 
0.290287 0.197280 0.265862 0.246571 
0.291929 0.195200 0.266212 0.246659 
0.285288 0.203424 0.264439 0.246849 
0.316348 0.166621 0.272142 0.244889 
0.282116 0.207414 0.263605 0.246865 
0.313189 0.170956 0.271820 0.244036 
0.301738 0.183749 0.268960 0.245553 
0.301378 0.184159 0.268860 0.245603 
0.281046 0.208715 0.263517 0.246721 
0.306060 0.178683 0.269922 0.245335 
0.308539 0.175189 0.270309 0.245964 
0.294184 0.192599 0.266957 0.246259 
0.297011 0.189040 0.267535 0.246414 
0.282122 0.207386 0.263779 0.246713 
0.286120 0.201919 0.264323 0.247639 
0.286184 0.202282 0.264644 0.246890 
0.297430 0.188577 0.267665 0.246328 
0.308099 0.176536 0.270549 0.244817 
0.311272 0.172353 0.271001 0.245375 
0.314836 0.169161 0.272187 0.243815 
0.307304 0.177409 0.270334 0.244954 
0.292651 0.193538 0.266104 0.247706 
0.308437 0.176048 0.270525 0.244990 
0.295621 0.190839 0.267279 0.246262 
0.309454 0.174202 0.270537 0.245807 
0.298434 0.187029 0.267781 0.246756 
0.313316 0.170478 0.271581 0.244624 
0.310076 0.173853 0.270758 0.245313 
0.311039 0.173057 0.271086 0.244818 
0.279043 0.211166 0.262385 0.247406 
0.298111 0.187629 0.267771 0.246489 
0.291315 0.196066 0.266212 0.246407 
0.293263 0.193735 0.266782 0.246220 
0.286072 0.202488 0.264821 0.246619 
0.320501 0.162981 0.273281 0.243238 
0.289586 0.198179 0.265790 0.246445 
0.288084 0.200008 0.265345 0.246563 
0.295419 0.191078 0.267224 0.246279 
0.272428 0.219799 0.260802 0.246970 
0.305505 0.179038 0.269659 0.245797 
0.298242 0.187622 0.267881 0.246255 
0.306974 0.177122 0.269956 0.245948 
0.288664 0.199256 0.265397 0.246683 
0.304128 0.180771 0.269380 0.245721 
0.298212 0.187898 0.268194 0.245697 
0.293050 0.193941 0.266624 0.246384 
0.295210 0.191425 0.267347 0.246018 
0.303660 0.180861 0.269118 0.246361 
0.294052 0.192807 0.267072 0.246069 
0.315768 0.167872 0.272161 0.244199 
0.277538 0.213158 0.262470 0.246833 
0.305944 0.178702 0.269831 0.245522 
0.300058 0.185432 0.268322 0.246189 
0.293994 0.192449 0.266628 0.246929 
0.289594 0.197818 0.265412 0.247176 
0.315731 0.167152 0.271989 0.245128 
0.317426 0.166348 0.272718 0.243508 
0.273759 0.218110 0.260967 0.247165 
0.302549 0.182674 0.269034 0.245743 
0.247072 0.252619 0.250620 0.249689 
0.248849 0.250674 0.251375 0.249101 
0.250761 0.248040 0.252069 0.249130 
0.248428 0.251193 0.251210 0.249168 
0.247584 0.252722 0.251187 0.248507 
0.246543 0.253267 0.250512 0.249678 
0.246749 0.252975 0.250495 0.249780 
0.247618 0.253419 0.251516 0.247446 
0.247545 0.253854 0.252039 0.246563 
0.247409 0.252454 0.250840 0.249297 
0.247050 0.252625 0.250603 0.249721 
0.247715 0.251855 0.250864 0.249566 
0.248490 0.251559 0.251398 0.248553 
0.248757 0.250107 0.251147 0.249988 
0.246945 0.252147 0.250375 0.250533 
0.251422 0.244707 0.251943 0.251928 
0.247720 0.253271 0.251497 0.247512 
0.248163 0.252481 0.251909 0.247446 
0.247998 0.250989 0.250828 0.250185 
0.247645 0.253331 0.251512 0.247511 
0.247780 0.252357 0.251124 0.248739 
0.246807 0.252613 0.250403 0.250177 
0.246330 0.253025 0.250167 0.250478 
0.244639 0.254547 0.249364 0.251450 
0.247865 0.251934 0.251015 0.249186 
0.247778 0.252808 0.251357 0.248058 
0.248450 0.249883 0.250902 0.250765 
0.246771 0.252888 0.250474 0.249867 
0.248919 0.250691 0.251438 0.248953 
0.248219 0.251410 0.251116 0.249255 
0.247043 0.251818 0.250369 0.250770 
0.249626 0.249864 0.251738 0.248772 
0.247339 0.252490 0.251049 0.249121 
0.247285 0.252779 0.250918 0.249018 
0.246525 0.253282 0.250498 0.249696 
0.247793 0.252874 0.251543 0.247790 
0.246148 0.253320 0.250123 0.250408 
0.249289 0.249017 0.251271 0.250422 
0.246578 0.252323 0.250169 0.250930 
0.247441 0.252204 0.250766 0.249588 
0.247479 0.252064 0.250747 0.249710 
0.250500 0.247641 0.251786 0.250073 
0.247254 0.252703 0.250986 0.249057 
0.247734 0.252909 0.251440 0.247918 
0.245619 0.252942 0.249690 0.251749 
0.248492 0.251893 0.252041 0.247574 
0.247469 0.252370 0.250856 0.249305 
0.246237 0.252476 0.249984 0.251303 
0.246684 0.252959 0.250429 0.249927 
0.249400 0.248825 0.251306 0.250468 
0.248260 0.250039 0.250812 0.250889 
0.247741 0.251652 0.250819 0.249787 
0.248670 0.251333 0.251464 0.248533 
0.246913 0.252844 0.250784 0.249458 
0.245969 0.253633 0.250102 0.250296 
0.247626 0.252051 0.250861 0.249462 
0.244073 0.254509 0.249021 0.252397 
0.247588 0.252708 0.251216 0.248488 
0.249506 0.249069 0.251424 0.250000 
0.247821 0.252741 0.251351 0.248087 
0.252522 0.242892 0.252359 0.252228 
0.251797 0.245721 0.252253 0.250229 
0.248952 0.250495 0.251399 0.249154 
0.247978 0.251079 0.250836 0.250107 
0.247818 0.252656 0.251307 0.248219 
0.247888 0.250571 0.250673 0.250868 
0.248128 0.251407 0.251042 0.249423 
0.247826 0.252008 0.251011 0.249154 
0.249787 0.248674 0.251528 0.250011 
0.248066 0.250393 0.250752 0.250789 
0.248361 0.250888 0.251063 0.249688 
0.245176 0.254349 0.249720 0.250755 
0.247726 0.252853 0.251366 0.248055 
0.249060 0.250783 0.251590 0.248566 
0.248131 0.251780 0.251179 0.248911 
0.249323 0.249696 0.251448 0.249534 
0.247123 0.251273 0.250326 0.251278 
0.247833 0.252563 0.251272 0.248332 
0.249325 0.249887 0.251504 0.249284 
0.248844 0.250363 0.251276 0.249517 
0.248021 0.252201 0.251584 0.248194 
0.244915 0.254509 0.249558 0.251019 
0.248527 0.250050 0.250980 0.250443 
0.247525 0.253643 0.251540 0.247292 
0.247798 0.252808 0.251517 0.247877 
0.250641 0.247088 0.251775 0.250496 
0.248416 0.251552 0.251331 0.248701 
0.247530 0.252101 0.250801 0.249569 
0.248327 0.251927 0.251408 0.248338 
0.242565 0.256156 0.248383 0.252897 
0.248174 0.251457 0.251095 0.249274 
0.248013 0.252549 0.251410 0.248028 
0.243408 0.255970 0.248867 0.251754 
0.247476 0.252707 0.251056 0.248761 
0.248841 0.250461 0.251302 0.249396 
0.248415 0.250586 0.251023 0.249977 
0.244532 0.254820 0.249361 0.251287 
0.247021 0.252311 0.250473 0.250195 
0.250205 0.248655 0.251820 0.249320 
0.247808 0.252893 0.251411 0.247889 
0.248028 0.251785 0.251094 0.249093 
0.248203 0.252227 0.251429 0.248141 
0.247423 0.252174 0.250740 0.249664 
0.250242 0.248726 0.251869 0.249163 
0.247139 0.252259 0.250546 0.250056 
0.248732 0.250371 0.251195 0.249702 
0.246420 0.252647 0.250133 0.250800 
0.250153 0.248930 0.251860 0.249058 
0.248393 0.251736 0.251386 0.248486 
0.246521 0.251584 0.250029 0.251865 
0.248354 0.251555 0.251280 0.248811 
0.247628 0.252151 0.250900 0.249321 
0.248809 0.250467 0.251280 0.249443 
0.247955 0.251272 0.250870 0.249903 
0.247743 0.252869 0.251374 0.248015 
0.247469 0.254145 0.252414 0.245973 
0.248410 0.252011 0.251991 0.247588 
0.245502 0.253746 0.249765 0.250988 
0.247287 0.251460 0.250456 0.250797 
0.251258 0.246411 0.252039 0.250291 
0.245734 0.253529 0.249873 0.250864 
0.246975 0.252054 0.250375 0.250596 
0.246551 0.253170 0.250567 0.249712 
0.247760 0.251347 0.250749 0.250144 
0.247543 0.252655 0.251189 0.248613 
0.246319 0.252595 0.250056 0.251030 
0.248783 0.250811 0.251368 0.249038 
0.248664 0.250676 0.251231 0.249429 
0.248898 0.250187 0.251267 0.249647 
0.248222 0.251425 0.251123 0.249231 
0.247755 0.252970 0.251420 0.247856 
0.248778 0.250308 0.251212 0.249701 
0.247274 0.252114 0.250604 0.250008 
0.250123 0.248566 0.251736 0.249575 
0.247934 0.250573 0.250702 0.250791 
0.248693 0.250782 0.251286 0.249239 
0.245093 0.254432 0.249804 0.250671 
0.247986 0.251619 0.251437 0.248958 
0.250490 0.248457 0.251982 0.249071 
0.247973 0.252885 0.251520 0.247622 
0.248017 0.252410 0.251351 0.248222 
0.245768 0.253311 0.249844 0.251076 
0.246141 0.253568 0.250312 0.249979 
0.246239 0.252842 0.250055 0.250864 
0.247421 0.252569 0.250908 0.249102 
0.246801 0.252968 0.250541 0.249690 
0.247714 0.252070 0.251288 0.248927 
0.248359 0.252595 0.251733 0.247313 
0.249061 0.249972 0.251330 0.249636 
0.248509 0.252095 0.251642 0.247754 
0.248300 0.249458 0.251458 0.250784 
0.251406 0.245791 0.252990 0.249813 
0.246262 0.252378 0.250470 0.250890 
0.239977 0.258982 0.247554 0.253487 
0.244381 0.254712 0.249532 0.251375 
0.243368 0.255870 0.249034 0.251727 
0.243051 0.256135 0.248896 0.251918 
0.239920 0.259331 0.247488 0.253262 
0.248876 0.248610 0.251730 0.250785 
0.251462 0.244994 0.252931 0.250613 
0.240563 0.258190 0.247834 0.253413 
0.247715 0.250189 0.251176 0.250920 
0.242973 0.255672 0.248920 0.252435 
0.243452 0.255804 0.249070 0.251673 
0.245512 0.253221 0.250101 0.251165 
0.248630 0.250568 0.251765 0.249037 
0.245423 0.251919 0.250099 0.252559 
0.243650 0.254920 0.249235 0.252195 
0.240171 0.259372 0.247514 0.252943 
0.243565 0.255615 0.249136 0.251685 
0.248439 0.249906 0.251564 0.250091 
0.246944 0.251994 0.250814 0.250249 
0.252916 0.244336 0.253829 0.248919 
0.250781 0.246408 0.252664 0.250146 
0.252350 0.244087 0.253375 0.250188 
0.242910 0.256482 0.248786 0.251822 
0.248664 0.250147 0.251730 0.249459 
0.244239 0.255025 0.249442 0.251294 
0.244876 0.252674 0.249844 0.252607 
0.247244 0.251338 0.250961 0.250457 
0.246780 0.251709 0.250726 0.250785 
0.240922 0.257765 0.247999 0.253313 
0.244677 0.254511 0.249664 0.251148 
0.250466 0.247214 0.252561 0.249759 
0.249154 0.248879 0.251910 0.250058 
0.237480 0.261946 0.246409 0.254165 
0.247877 0.251127 0.251314 0.249682 
0.245842 0.253831 0.250136 0.250191 
0.249953 0.246773 0.252213 0.251061 
0.254187 0.241779 0.254249 0.249784 
0.242197 0.257135 0.248478 0.252190 
0.248931 0.249062 0.251791 0.250216 
0.251132 0.246849 0.252981 0.249039 
0.242569 0.256541 0.248687 0.252203 
0.247684 0.249115 0.251142 0.252060 
0.251501 0.245037 0.252959 0.250503 
0.247341 0.252297 0.251048 0.249314 
0.245693 0.253497 0.250167 0.250644 
0.241772 0.257081 0.248359 0.252787 
0.247142 0.251329 0.250907 0.250623 
0.250774 0.246748 0.252702 0.249776 
0.235380 0.264556 0.245416 0.254648 
0.245109 0.253776 0.249899 0.251217 
0.244219 0.254183 0.249507 0.252090 
0.247977 0.249523 0.251292 0.251208 
0.245662 0.252883 0.250180 0.251275 
0.251301 0.246034 0.252955 0.249710 
0.244455 0.254194 0.249603 0.251748 
0.254648 0.240703 0.254386 0.250263 
0.231131 0.269384 0.243551 0.255935 
0.248007 0.249783 0.251315 0.250895 
0.236576 0.263260 0.245919 0.254245 
0.253558 0.242460 0.253933 0.250049 
0.238627 0.259843 0.247018 0.254511 
0.240064 0.258560 0.247629 0.253748 
0.241936 0.256875 0.248437 0.252751 
0.244958 0.253916 0.249827 0.251298 
0.250151 0.246523 0.252305 0.251020 
0.243873 0.255500 0.249244 0.251383 
0.247912 0.249429 0.251257 0.251402 
0.238796 0.260816 0.246853 0.253536 
0.249111 0.248332 0.251843 0.250714 
0.245272 0.253837 0.249963 0.250929 
0.249529 0.247248 0.252011 0.251213 
0.235595 0.263607 0.245637 0.255161 
0.249464 0.248404 0.252055 0.250077 
0.245242 0.254354 0.249835 0.250569 
0.248143 0.250487 0.251429 0.249942 
0.248025 0.249884 0.251329 0.250763 
0.240717 0.258659 0.247658 0.252966 
0.241147 0.256591 0.248174 0.254088 
0.241268 0.257853 0.248101 0.252778 
0.238163 0.260951 0.246748 0.254138 
0.239065 0.260533 0.246973 0.253429 
0.255734 0.239878 0.254995 0.249393 
0.237112 0.262618 0.246186 0.254084 
0.246102 0.253125 0.250373 0.250401 
0.233016 0.267105 0.244333 0.255546 
0.251656 0.245986 0.253205 0.249153 
0.239312 0.259744 0.247252 0.253692 
0.244301 0.254530 0.249518 0.251651 
0.244262 0.254105 0.249529 0.252104 
0.252220 0.242517 0.253174 0.252089 
0.255078 0.240444 0.254632 0.249845 
0.241048 0.258147 0.247992 0.252813 
0.239481 0.259233 0.247365 0.253921 
0.246500 0.251738 0.250589 0.251173 
0.246919 0.251171 0.250792 0.251118 
0.241900 0.256769 0.248435 0.252895 
0.244018 0.253973 0.249436 0.252573 
0.243036 0.255964 0.248915 0.252085 
0.248303 0.250887 0.251572 0.249239 
0.254427 0.241271 0.254327 0.249975 
0.238457 0.261053 0.246808 0.253682 
0.240158 0.259181 0.247575 0.253086 
0.250105 0.248865 0.252619 0.248411 
0.239838 0.259571 0.247421 0.253170 
0.242312 0.256048 0.248645 0.252995 
0.229721 0.270925 0.242955 0.256399 
0.248815 0.249111 0.251727 0.250348 
0.250624 0.247251 0.252676 0.249450 
0.250950 0.245121 0.252652 0.251277 
0.246112 0.253104 0.250379 0.250405 
0.256079 0.239572 0.255191 0.249158 
0.243165 0.254997 0.249041 0.252796 
0.246646 0.251645 0.250660 0.251050 
0.249364 0.248546 0.252008 0.250082 
0.250753 0.247094 0.252742 0.249410 
0.246532 0.252653 0.250598 0.250217 
0.249701 0.248458 0.252215 0.249626 
0.244361 0.253643 0.249592 0.252404 
0.246918 0.250753 0.250788 0.251541 
0.243309 0.254733 0.249113 0.252845 
0.244855 0.253852 0.249788 0.251505 
0.246037 0.251823 0.250372 0.251768 
0.245615 0.254025 0.250022 0.250339 
0.246521 0.251215 0.250601 0.251663 
0.252035 0.244752 0.253261 0.249952 
0.242711 0.256537 0.248729 0.252023 
0.245989 0.252264 0.250343 0.251403 
0.247282 0.251396 0.250983 0.250339 
0.248976 0.248027 0.251755 0.251242 
0.248174 0.249931 0.251413 0.250482 
0.243143 0.256003 0.248945 0.251910 
0.246791 0.251223 0.250729 0.251256 
0.238095 0.261362 0.246665 0.253877 
0.241163 0.257491 0.248109 0.253237 
0.245717 0.253248 0.250192 0.250842 
0.243485 0.255445 0.249129 0.251941 
0.236676 0.263048 0.246009 0.254267 
0.253286 0.243477 0.253922 0.249315 
0.243053 0.256051 0.248909 0.251987 
0.247652 0.250173 0.251143 0.251031 
0.245029 0.253327 0.249886 0.251758 
0.242850 0.256627 0.248716 0.251808 
0.245234 0.252202 0.250010 0.252553 
0.252456 0.243786 0.253404 0.250355 
0.247395 0.250932 0.251030 0.250644 
0.251688 0.245696 0.253172 0.249445 
0.240874 0.258176 0.247937 0.253013 
0.225781 0.275604 0.241181 0.257434 
0.229758 0.270347 0.242955 0.256940 
0.227227 0.273794 0.241821 0.257157 
0.219128 0.283673 0.238215 0.258984 
0.225921 0.274972 0.241289 0.257818 
0.214471 0.288323 0.236346 0.260860 
0.215140 0.288546 0.236425 0.259890 
0.219829 0.282374 0.238605 0.259192 
0.223689 0.276445 0.240506 0.259359 
0.219692 0.283042 0.238458 0.258808 
0.207533 0.298073 0.232950 0.261444 
0.218311 0.283235 0.238121 0.260332 
0.215226 0.287935 0.236569 0.260270 
0.233818 0.265984 0.244674 0.255524 
0.228669 0.272224 0.242449 0.256657 
0.227037 0.274111 0.241760 0.257091 
0.213288 0.291144 0.235508 0.260060 
0.225875 0.274302 0.241368 0.258455 
0.229860 0.270801 0.243008 0.256331 
0.217549 0.284985 0.237624 0.259842 
0.218988 0.282750 0.238352 0.259910 
0.218091 0.284206 0.237887 0.259815 
0.228111 0.272014 0.242277 0.257598 
0.213532 0.290789 0.235635 0.260043 
0.228348 0.272544 0.242308 0.256801 
0.230342 0.270013 0.243181 0.256463 
0.225775 0.274983 0.241246 0.257995 
0.228603 0.271940 0.242437 0.257020 
0.213373 0.290535 0.235669 0.260422 
0.220088 0.282385 0.238665 0.258862 
0.228602 0.271518 0.242478 0.257402 
0.219882 0.280567 0.238956 0.260595 
0.224189 0.277113 0.240524 0.258174 
0.216390 0.285631 0.237267 0.260712 
0.220005 0.282539 0.238619 0.258838 
0.224686 0.276661 0.240724 0.257929 
0.227384 0.273759 0.241887 0.256970 
0.223345 0.278383 0.240120 0.258153 
0.231708 0.268161 0.243782 0.256349 
0.224813 0.274712 0.241054 0.259421 
0.230143 0.270511 0.243122 0.256224 
0.229539 0.269562 0.242982 0.257917 
0.227827 0.273236 0.242081 0.256856 
0.209547 0.295550 0.233871 0.261032 
0.226272 0.273104 0.241651 0.258973 
0.215756 0.288014 0.236647 0.259582 
0.215233 0.286884 0.236792 0.261091 
0.236250 0.263608 0.245755 0.254386 
0.232465 0.267871 0.244119 0.255545 
0.223224 0.277442 0.240231 0.259103 
0.219487 0.282900 0.238434 0.259179 
0.231077 0.268300 0.243566 0.257057 
0.221800 0.280422 0.239411 0.258366 
0.226657 0.273647 0.241664 0.258032 
0.223689 0.278046 0.240263 0.258003 
0.230250 0.270415 0.243146 0.256189 
0.232824 0.266069 0.244321 0.256785 
0.217765 0.284841 0.237698 0.259697 
0.225306 0.276029 0.240984 0.257681 
0.234138 0.265180 0.244825 0.255857 
0.226528 0.274785 0.241510 0.257177 
0.223932 0.277623 0.240386 0.258060 
0.227321 0.272932 0.241940 0.257807 
0.227830 0.273243 0.242093 0.256833 
0.218290 0.284645 0.237849 0.259216 
0.227980 0.272914 0.242194 0.256912 
0.225047 0.275347 0.241003 0.258602 
0.213063 0.290305 0.235664 0.260967 
0.225318 0.275608 0.241037 0.258037 
0.221205 0.280694 0.239215 0.258886 
0.219462 0.282504 0.238499 0.259535 
0.229389 0.271203 0.242765 0.256643 
0.233117 0.267124 0.244414 0.255346 
0.224067 0.277334 0.240461 0.258138 
0.218632 0.283828 0.238075 0.259465 
0.223558 0.278296 0.240203 0.257944 
0.220456 0.281911 0.238833 0.258801 
0.231055 0.269321 0.243555 0.256069 
0.225333 0.276207 0.240980 0.257479 
0.221151 0.280118 0.239300 0.259431 
0.222610 0.279494 0.239767 0.258129 
0.229864 0.269764 0.243047 0.257326 
0.220276 0.280831 0.238982 0.259911 
0.216373 0.287147 0.236955 0.259525 
0.221157 0.280826 0.239182 0.258835 
0.223415 0.278352 0.240144 0.258089 
0.223665 0.277832 0.240282 0.258221 
0.220844 0.280536 0.239158 0.259462 
0.223538 0.277715 0.240265 0.258482 
0.217185 0.283802 0.237796 0.261217 
0.223192 0.277279 0.240251 0.259277 
0.228374 0.272287 0.242332 0.257007 
0.212440 0.289446 0.235758 0.262357 
0.220265 0.282297 0.238723 0.258715 
0.221675 0.279148 0.239588 0.259589 
0.219478 0.283199 0.238380 0.258943 
0.223015 0.275789 0.240495 0.260700 
0.224811 0.276344 0.240799 0.258045 
0.209732 0.295140 0.233999 0.261128 
0.220620 0.281343 0.238967 0.259070 
